0	-0.263459
0.002	-0.0791921
0.004	-0.131977
0.006	-0.152598
0.008	-0.0267906
0.01	-0.178769
0.012	-0.179617
0.014	-0.250523
0.016	-0.353264
0.018	-0.243749
0.02	-0.204997
0.022	-0.206337
0.024	-0.133774
0.026	-0.154424
0.028	-0.150585
0.03	-0.181216
0.032	-0.260942
0.034	-0.242396
0.036	-0.153875
0.038	-0.247012
0.04	-0.122546
0.042	-0.10323
0.044	-0.0867248
0.046	-0.0478931
0.048	-0.174186
0.05	-0.103482
0.052	-0.229783
0.054	-0.181099
0.056	-0.291859
0.058	-0.205846
0.06	-0.30517
0.062	-0.176328
0.064	-0.110938
0.066	-0.0956684
0.068	-0.0899818
0.07	-0.138909
0.072	-0.231236
0.074	-0.270529
0.076	-0.235659
0.078	-0.244898
0.08	-0.112948
0.082	-0.162603
0.084	-0.106111
0.086	-0.142337
0.088	-0.110708
0.09	-0.125948
0.092	-0.331924
0.094	-0.270766
0.096	-0.233078
0.098	-0.281209
0.1	-0.280135
0.102	-0.108995
0.104	-0.145944
0.106	-0.047145
0.108	-0.163828
0.11	-0.293341
0.112	-0.240788
0.114	-0.242376
0.116	-0.23235
0.118	-0.276776
0.12	-0.164794
0.122	-0.228903
0.124	-0.104712
0.126	-0.0411334
0.128	-0.139303
0.13	-0.0651205
0.132	-0.236853
0.134	-0.215108
0.136	-0.349655
0.138	-0.264484
0.14	-0.180478
0.142	-0.218401
0.144	-0.137249
0.146	-0.129307
0.148	-0.128361
0.15	-0.141907
0.152	-0.259437
0.154	-0.218558
0.156	-0.24491
0.158	-0.270417
0.16	-0.238049
0.162	-0.135027
0.164	-0.117762
0.166	-0.0674661
0.168	-0.047898
0.17	-0.117961
0.172	-0.110231
0.174	-0.25323
0.176	-0.184288
0.178	-0.998937
0.18	2.08704
0.182	1.48795
0.184	1.38128
0.186	1.11305
0.188	1.25534
0.19	1.02655
0.192	1.00936
0.194	0.971271
0.196	0.930958
0.198	1.03236
0.2	0.97523
0.202	1.11624
0.204	1.03056
0.206	1.14452
0.208	1.05468
0.21	0.923463
0.212	1.00014
0.214	1.01442
0.216	0.804839
0.218	0.932605
0.22	0.860996
0.222	1.00747
0.224	0.989007
0.226	1.09991
0.228	0.897297
0.23	1.04848
0.232	0.95662
0.234	0.968518
0.236	0.973974
0.238	0.900955
0.24	0.976875
0.242	1.03297
0.244	1.07616
0.246	1.02925
0.248	1.10423
0.25	0.994203
0.252	0.923514
0.254	0.886488
0.256	0.949213
0.258	0.896393
0.26	0.963297
0.262	1.06713
0.264	1.08386
0.266	1.08747
0.268	1.05701
0.27	1.08119
0.272	0.922439
0.274	0.944998
0.276	0.845372
0.278	0.965829
0.28	1.00101
0.282	1.13633
0.284	1.09319
0.286	1.07063
0.288	1.02654
0.29	0.942509
0.292	0.87836
0.294	0.952628
0.296	0.905528
0.298	0.916676
0.3	0.964802
0.302	1.06213
0.304	1.14948
0.306	1.03827
0.308	1.0385
0.31	1.02723
0.312	1.00029
0.314	1.0245
0.316	0.936217
0.318	0.907465
0.32	1.05844
0.322	1.02856
0.324	1.04666
0.326	1.13892
0.328	1.1419
0.33	1.06078
0.332	0.984389
0.334	0.924319
0.336	0.843708
0.338	0.881932
0.34	1.0116
0.342	1.11434
0.344	1.102
0.346	1.07437
0.348	1.03362
0.35	1.01453
0.352	0.923161
0.354	0.944396
0.356	0.991238
0.358	1.02149
0.36	1.07229
0.362	1.13324
0.364	1.09645
0.366	1.12778
0.368	1.12935
0.37	1.0591
0.372	0.872968
0.374	1.02054
0.376	0.999295
0.378	1.0143
0.38	1.01894
0.382	1.12615
0.384	1.14185
0.386	1.15813
0.388	1.28773
0.39	1.13132
0.392	1.03677
0.394	1.07797
0.396	0.989502
0.398	0.981512
0.4	1.11201
0.402	1.13132
0.404	1.04876
0.406	1.18517
0.408	1.13951
0.41	1.01536
0.412	1.12728
0.414	1.00458
0.416	0.960646
0.418	1.00076
0.42	1.04655
0.422	1.15994
0.424	1.18843
0.426	1.1999
0.428	1.19622
0.43	1.1328
0.432	1.01496
0.434	1.0705
0.436	1.14418
0.438	1.02448
0.44	1.04486
0.442	1.27786
0.444	1.11696
0.446	1.26648
0.448	1.20726
0.45	1.09245
0.452	1.01535
0.454	0.995569
0.456	0.956678
0.458	0.969415
0.46	1.10286
0.462	1.0838
0.464	1.21293
0.466	1.20854
0.468	1.29881
0.47	1.18536
0.472	1.15397
0.474	1.12013
0.476	1.16589
0.478	1.02837
0.48	1.13078
0.482	1.16769
0.484	1.20871
0.486	1.09112
0.488	1.18821
0.49	1.09878
0.492	1.09586
0.494	1.05384
0.496	1.06239
0.498	1.03188
0.5	1.2226
0.502	1.22372
0.504	1.26831
0.506	1.29262
0.508	1.21309
0.51	1.26185
0.512	1.08321
0.514	1.15923
0.516	1.11275
0.518	1.14042
0.52	1.09986
0.522	1.23499
0.524	1.24197
0.526	1.20621
0.528	1.30777
0.53	1.20675
0.532	1.11862
0.534	1.09847
0.536	1.03222
0.538	0.949522
0.54	1.18148
0.542	1.22713
0.544	1.28451
0.546	1.29984
0.548	1.36614
0.55	1.19047
0.552	1.18857
0.554	1.14971
0.556	1.16222
0.558	1.09263
0.56	1.11935
0.562	1.17631
0.564	1.16891
0.566	1.3464
0.568	1.21844
0.57	1.18393
0.572	1.16905
0.574	1.17107
0.576	1.17433
0.578	1.12161
0.58	1.23739
0.582	1.28757
0.584	1.29367
0.586	1.27049
0.588	1.42269
0.59	1.29278
0.592	1.24247
0.594	1.18225
0.596	1.15371
0.598	1.08403
0.6	1.18624
0.602	1.26432
0.604	1.31238
0.606	1.32774
0.608	1.23157
0.61	1.22665
0.612	1.3159
0.614	1.23718
0.616	1.22931
0.618	1.20646
0.62	1.23589
0.622	1.34222
0.624	1.42721
0.626	1.34606
0.628	1.47443
0.63	1.35205
0.632	1.23572
0.634	1.24303
0.636	1.27237
0.638	1.19472
0.64	1.28016
0.642	1.34929
0.644	1.3231
0.646	1.45004
0.648	1.44086
0.65	1.33651
0.652	1.26805
0.654	1.16662
0.656	1.26669
0.658	1.18413
0.66	1.2984
0.662	1.2535
0.664	1.39792
0.666	1.38358
0.668	1.36912
0.67	1.3355
0.672	1.24424
0.674	1.20396
0.676	1.18827
0.678	1.25671
0.68	1.29458
0.682	1.34026
0.684	1.32626
0.686	1.30885
0.688	1.4658
0.69	1.35175
0.692	1.3247
0.694	1.2335
0.696	1.36055
0.698	1.2256
0.7	1.28519
0.702	1.44403
0.704	1.45752
0.706	1.45402
0.708	1.53693
0.71	1.38034
0.712	1.32776
0.714	1.34365
0.716	1.34913
0.718	1.18901
0.72	1.37765
0.722	1.36794
0.724	1.42495
0.726	1.38427
0.728	1.49419
0.73	1.43948
0.732	1.36352
0.734	1.2911
0.736	1.30938
0.738	1.17072
0.74	1.40199
0.742	1.4452
0.744	1.38989
0.746	1.51063
0.748	1.46487
0.75	1.37603
0.752	1.34119
0.754	1.40331
0.756	1.32646
0.758	1.31196
0.76	1.32498
0.762	1.3918
0.764	1.41842
0.766	1.47379
0.768	1.48361
0.77	1.37172
0.772	1.48409
0.774	1.33555
0.776	1.4122
0.778	1.33218
0.78	1.45595
0.782	1.41896
0.784	1.56407
0.786	1.43955
0.788	1.644
0.79	1.48909
0.792	1.44254
0.794	1.38279
0.796	1.43514
0.798	1.32202
0.8	1.42152
0.802	1.39309
0.804	1.54513
0.806	1.52485
0.808	1.57959
0.81	1.42072
0.812	1.58882
0.814	1.48114
0.816	1.42439
0.818	1.52289
0.82	1.47795
0.822	1.5676
0.824	1.59666
0.826	1.61537
0.828	1.68062
0.83	1.5656
0.832	1.51912
0.834	1.47162
0.836	1.55581
0.838	1.48269
0.84	1.53032
0.842	1.52496
0.844	1.47628
0.846	1.72595
0.848	1.61208
0.85	1.71347
0.852	1.51824
0.854	1.50334
0.856	1.52161
0.858	1.51487
0.86	1.65717
0.862	1.56078
0.864	1.69519
0.866	1.57631
0.868	1.66406
0.87	1.63851
0.872	1.69156
0.874	1.56272
0.876	1.50754
0.878	1.58549
0.88	1.62554
0.882	1.60325
0.884	1.71059
0.886	1.6037
0.888	1.83545
0.89	1.73862
0.892	1.71581
0.894	1.61205
0.896	1.62379
0.898	1.60172
0.9	1.64707
0.902	1.65755
0.904	1.73446
0.906	1.73347
0.908	1.71579
0.91	1.71011
0.912	1.69271
0.914	1.66563
0.916	1.60711
0.918	1.55136
0.92	1.74339
0.922	1.76076
0.924	1.86744
0.926	1.81421
0.928	1.98562
0.93	1.75387
0.932	1.84747
0.934	1.70593
0.936	1.75377
0.938	1.58569
0.94	1.78093
0.942	1.69508
0.944	1.73841
0.946	1.80693
0.948	1.81624
0.95	1.75663
0.952	1.73907
0.954	1.7354
0.956	1.7584
0.958	1.66685
0.96	1.6715
0.962	1.7144
0.964	1.89658
0.966	1.84707
0.968	1.89901
0.97	1.85351
0.972	1.84916
0.974	1.79429
0.976	1.76831
0.978	1.82187
0.98	1.85158
0.982	1.8686
0.984	1.92198
0.986	1.87838
0.988	2.06643
0.99	1.94945
0.992	1.88364
0.994	1.84875
0.996	1.78513
0.998	1.79909
1	1.8914
1.002	1.85041
1.004	1.97505
1.006	1.88063
1.008	2.00372
1.01	1.92518
1.012	2.16855
1.014	1.89212
1.016	1.92497
1.018	1.79994
1.02	1.97537
1.022	1.91491
1.024	1.98351
1.026	2.01003
1.028	2.01093
1.03	1.93735
1.032	2.12819
1.034	1.90411
1.036	2.02933
1.038	1.95645
1.04	1.97037
1.042	1.93429
1.044	2.11772
1.046	2.02519
1.048	2.09309
1.05	2.06413
1.052	2.08586
1.054	2.03024
1.056	1.96563
1.058	2.0367
1.06	1.99393
1.062	1.97855
1.064	2.08448
1.066	2.04335
1.068	2.07422
1.07	1.98296
1.072	2.13262
1.074	2.06974
1.076	2.06065
1.078	2.05656
1.08	1.95414
1.082	2.15086
1.084	2.16468
1.086	2.17008
1.088	2.13509
1.09	2.22456
1.092	2.19163
1.094	2.11117
1.096	2.09266
1.098	1.99114
1.1	2.12566
1.102	2.08742
1.104	2.22649
1.106	2.03759
1.108	2.23226
1.11	2.07729
1.112	2.10497
1.114	2.07305
1.116	2.12396
1.118	2.02782
1.12	2.11312
1.122	2.19956
1.124	2.26796
1.126	2.24322
1.128	2.19667
1.13	2.10922
1.132	2.10755
1.134	2.12309
1.136	2.10794
1.138	2.08773
1.14	2.15675
1.142	2.15728
1.144	2.21435
1.146	2.28439
1.148	2.38128
1.15	2.25433
1.152	2.16968
1.154	2.14897
1.156	2.17784
1.158	2.15097
1.16	2.19697
1.162	2.22103
1.164	2.44392
1.166	2.37537
1.168	2.45797
1.17	2.24555
1.172	2.40498
1.174	2.21765
1.176	2.27605
1.178	2.22904
1.18	2.3147
1.182	2.34356
1.184	2.40891
1.186	2.30534
1.188	2.46151
1.19	2.35162
1.192	2.27832
1.194	2.30923
1.196	2.32547
1.198	2.25309
1.2	2.32938
1.202	2.33687
1.204	2.4342
1.206	2.43754
1.208	2.52336
1.21	2.37292
1.212	2.49531
1.214	2.40041
1.216	2.31977
1.218	2.28426
1.22	2.41657
1.222	2.47137
1.224	2.39229
1.226	2.50865
1.228	2.4898
1.23	2.52156
1.232	2.409
1.234	2.44782
1.236	2.52303
1.238	2.4637
1.24	2.56055
1.242	2.49951
1.244	2.58685
1.246	2.5737
1.248	2.5934
1.25	2.58767
1.252	2.50524
1.254	2.40704
1.256	2.46995
1.258	2.44653
1.26	2.41514
1.262	2.43613
1.264	2.57518
1.266	2.61298
1.268	2.56004
1.27	2.63734
1.272	2.66854
1.274	2.53738
1.276	2.56373
1.278	2.59645
1.28	2.57728
1.282	2.68582
1.284	2.69736
1.286	2.58223
1.288	2.6639
1.29	2.54308
1.292	2.61787
1.294	2.63857
1.296	2.55258
1.298	2.53216
1.3	2.6813
1.302	2.62347
1.304	2.68015
1.306	2.61402
1.308	2.73852
1.31	2.51811
1.312	2.80338
1.314	2.6097
1.316	2.71557
1.318	2.46264
1.32	2.67004
1.322	2.6478
1.324	2.75807
1.326	2.779
1.328	2.74524
1.33	2.71379
1.332	2.89078
1.334	2.75099
1.336	2.77034
1.338	2.70881
1.34	2.7682
1.342	2.7016
1.344	2.93981
1.346	2.79448
1.348	2.88805
1.35	2.77361
1.352	2.87719
1.354	2.8153
1.356	2.72814
1.358	2.80029
1.36	2.78804
1.362	2.8728
1.364	2.94378
1.366	2.95451
1.368	2.94384
1.37	2.91182
1.372	2.90958
1.374	2.82306
1.376	2.80129
1.378	2.87437
1.38	2.87847
1.382	2.899
1.384	2.98559
1.386	2.92047
1.388	2.94728
1.39	2.94367
1.392	2.97756
1.394	2.80781
1.396	2.85289
1.398	2.91497
1.4	3.01564
1.402	2.91978
1.404	3.10956
1.406	3.03177
1.408	2.9876
1.41	2.78081
1.412	2.95911
1.414	2.82388
1.416	2.91559
1.418	2.94699
1.42	2.95472
1.422	2.85254
1.424	2.91651
1.426	3.02567
1.428	3.01503
1.43	2.99667
1.432	2.96507
1.434	2.952
1.436	3.04723
1.438	2.90359
1.44	2.98552
1.442	3.0003
1.444	3.10646
1.446	2.94555
1.448	3.07075
1.45	3.09943
1.452	3.1529
1.454	3.03703
1.456	3.03255
1.458	3.13282
1.46	2.94551
1.462	3.01695
1.464	3.17366
1.466	3.17363
1.468	3.16531
1.47	3.23081
1.472	3.21834
1.474	3.02642
1.476	3.27432
1.478	3.05047
1.48	3.25411
1.482	3.11754
1.484	3.33088
1.486	3.17866
1.488	3.41319
1.49	3.13778
1.492	3.27882
1.494	3.11172
1.496	3.17356
1.498	3.15819
1.5	3.21613
1.502	3.25382
1.504	3.35444
1.506	3.26064
1.508	3.33031
1.51	3.29062
1.512	3.28132
1.514	3.14591
1.516	3.21072
1.518	3.31575
1.52	3.21556
1.522	3.2535
1.524	3.40677
1.526	3.3439
1.528	3.33075
1.53	3.39337
1.532	3.16995
1.534	3.24711
1.536	3.22318
1.538	3.17257
1.54	3.34472
1.542	3.43159
1.544	3.44522
1.546	3.35183
1.548	3.41515
1.55	3.37431
1.552	3.3637
1.554	3.39346
1.556	3.4868
1.558	3.31429
1.56	3.44554
1.562	3.33477
1.564	3.51796
1.566	3.318
1.568	3.42523
1.57	3.42863
1.572	3.39673
1.574	3.21042
1.576	3.48801
1.578	3.37576
1.58	3.52755
1.582	3.38974
1.584	3.59997
1.586	3.46301
1.588	3.58884
1.59	3.41475
1.592	3.44873
1.594	3.45379
1.596	3.4545
1.598	3.49326
1.6	3.47533
1.602	3.56137
1.604	3.57012
1.606	3.54383
1.608	3.49405
1.61	3.44736
1.612	3.50398
1.614	3.48086
1.616	3.47814
1.618	3.48019
1.62	3.53401
1.622	3.55104
1.624	3.74271
1.626	3.5154
1.628	3.7508
1.63	3.60191
1.632	3.52026
1.634	3.69428
1.636	3.61547
1.638	3.6022
1.64	3.5209
1.642	3.71954
1.644	3.72272
1.646	3.7221
1.648	3.76503
1.65	3.6609
1.652	3.76124
1.654	3.70972
1.656	3.69522
1.658	3.67077
1.66	3.63564
1.662	3.68429
1.664	3.94581
1.666	3.77295
1.668	3.86945
1.67	3.85896
1.672	3.71678
1.674	3.74746
1.676	3.76692
1.678	3.74268
1.68	3.77568
1.682	3.77006
1.684	3.7968
1.686	3.80956
1.688	3.83422
1.69	3.75779
1.692	3.83736
1.694	3.85564
1.696	3.72871
1.698	3.90251
1.7	3.88527
1.702	3.99591
1.704	4.00719
1.706	3.99529
1.708	4.02451
1.71	3.91943
1.712	3.91319
1.714	3.91697
1.716	3.97578
1.718	3.839
1.72	4.0093
1.722	3.96804
1.724	4.06585
1.726	4.00861
1.728	4.01653
1.73	3.93889
1.732	3.88899
1.734	3.98102
1.736	4.0457
1.738	3.91698
1.74	3.9891
1.742	4.09587
1.744	4.07593
1.746	4.10508
1.748	4.16053
1.75	4.02577
1.752	4.05777
1.754	4.07749
1.756	4.09984
1.758	4.05207
1.76	3.9923
1.762	4.18908
1.764	4.24385
1.766	4.15039
1.768	4.19761
1.77	4.08755
1.772	4.10316
1.774	3.98475
1.776	4.09888
1.778	4.03929
1.78	4.07213
1.782	4.22731
1.784	4.33592
1.786	4.07786
1.788	4.25933
1.79	4.25471
1.792	4.12771
1.794	4.14634
1.796	4.10742
1.798	4.18867
1.8	4.20192
1.802	4.23698
1.804	4.19088
1.806	4.2371
1.808	4.34105
1.81	4.15116
1.812	4.29734
1.814	4.14869
1.816	4.28847
1.818	4.28296
1.82	4.32602
1.822	4.36906
1.824	4.42354
1.826	4.32918
1.828	4.32678
1.83	4.39308
1.832	4.25702
1.834	4.39416
1.836	4.33998
1.838	4.25543
1.84	4.27325
1.842	4.37271
1.844	4.48394
1.846	4.39336
1.848	4.3863
1.85	4.49017
1.852	4.32019
1.854	4.22511
1.856	4.41544
1.858	4.27044
1.86	4.44377
1.862	4.426
1.864	4.4885
1.866	4.49312
1.868	4.47228
1.87	4.41856
1.872	4.48487
1.874	4.34224
1.876	4.46897
1.878	4.4447
1.88	4.46695
1.882	4.42894
1.884	4.57123
1.886	4.42775
1.888	4.59143
1.89	4.6011
1.892	4.42837
1.894	4.43735
1.896	4.67679
1.898	4.47634
1.9	4.46844
1.902	4.61617
1.904	4.63598
1.906	4.65684
1.908	4.67412
1.91	4.62795
1.912	4.58118
1.914	4.44136
1.916	4.614
1.918	4.59476
1.92	4.63613
1.922	4.68842
1.924	4.75934
1.926	4.6126
1.928	4.78708
1.93	4.68799
1.932	4.60574
1.934	4.56449
1.936	4.57121
1.938	4.57172
1.94	4.68772
1.942	4.869
1.944	4.78134
1.946	4.62779
1.948	4.75768
1.95	4.71518
1.952	4.73483
1.954	4.638
1.956	4.76226
1.958	4.63808
1.96	4.70669
1.962	4.72954
1.964	4.91757
1.966	4.68593
1.968	4.78793
1.97	4.78955
1.972	4.62082
1.974	4.76372
1.976	4.85244
1.978	4.91073
1.98	4.90402
1.982	4.90846
1.984	4.83477
1.986	4.68195
1.988	5.02159
1.99	4.79684
1.992	4.7556
1.994	4.79654
1.996	4.77919
1.998	4.70554
2	4.92305
2.002	4.84595
2.004	4.89
2.006	4.97063
2.008	4.92685
2.01	4.97162
2.012	4.98635
2.014	4.8641
2.016	5.16326
2.018	4.90846
2.02	5.07033
2.022	5.04638
2.024	5.19496
2.026	4.95709
2.028	5.1116
2.03	4.96927
2.032	4.94971
2.034	4.94196
2.036	5.07446
2.038	4.92086
2.04	5.06563
2.042	5.0753
2.044	5.16409
2.046	5.1922
2.048	5.11952
2.05	5.17569
2.052	5.04047
2.054	5.11643
2.056	5.18035
2.058	5.07905
2.06	5.12681
2.062	5.18394
2.064	5.23627
2.066	5.18158
2.068	5.1758
2.07	5.24169
2.072	5.09631
2.074	5.16137
2.076	5.06231
2.078	5.1367
2.08	5.32035
2.082	5.30601
2.084	5.1346
2.086	5.221
2.088	5.17599
2.09	5.1116
2.092	5.06252
2.094	5.14496
2.096	5.2506
2.098	5.12433
2.1	5.23926
2.102	5.17532
2.104	5.35926
2.106	5.24352
2.108	5.33747
2.11	5.18554
2.112	5.24683
2.114	5.23435
2.116	5.3535
2.118	5.09365
2.12	5.13592
2.122	5.33511
2.124	5.30768
2.126	5.22638
2.128	5.29495
2.13	5.40167
2.132	5.25555
2.134	5.3439
2.136	5.26013
2.138	5.20695
2.14	5.33271
2.142	5.60853
2.144	5.60418
2.146	5.44242
2.148	5.42705
2.15	5.55694
2.152	5.21377
2.154	5.30333
2.156	5.46904
2.158	5.32097
2.16	5.39094
2.162	5.51687
2.164	5.51365
2.166	5.51553
2.168	5.51717
2.17	5.45758
2.172	5.44324
2.174	5.33085
2.176	5.63643
2.178	5.58692
2.18	5.49015
2.182	5.78009
2.184	5.67529
2.186	5.54074
2.188	5.58072
2.19	5.65345
2.192	5.43795
2.194	5.39757
2.196	5.5768
2.198	5.47158
2.2	5.51099
2.202	5.56011
2.204	5.65619
2.206	5.53965
2.208	5.69846
2.21	5.49944
2.212	5.63384
2.214	5.64466
2.216	5.70349
2.218	5.61798
2.22	5.69422
2.222	5.87716
2.224	5.71037
2.226	5.79593
2.228	5.90795
2.23	5.72991
2.232	5.60363
2.234	5.72325
2.236	5.78318
2.238	5.55279
2.24	5.64274
2.242	5.86473
2.244	5.84842
2.246	5.73754
2.248	5.88312
2.25	5.71664
2.252	5.73801
2.254	5.725
2.256	5.94474
2.258	5.69323
2.26	5.81017
2.262	5.80339
2.264	5.94197
2.266	5.83027
2.268	5.94304
2.27	5.88991
2.272	5.70481
2.274	5.87119
2.276	5.84822
2.278	5.84899
2.28	5.8695
2.282	6.17305
2.284	6.09177
2.286	5.95624
2.288	6.13539
2.29	5.98542
2.292	5.80029
2.294	5.84269
2.296	6.02203
2.298	5.99454
2.3	5.97207
2.302	5.93464
2.304	5.98676
2.306	6.0193
2.308	6.0559
2.31	6.12242
2.312	6.03154
2.314	6.05441
2.316	6.20589
2.318	5.93162
2.32	6.11019
2.322	6.04698
2.324	6.17875
2.326	6.17163
2.328	6.11181
2.33	6.13258
2.332	6.20253
2.334	6.09146
2.336	6.02895
2.338	5.92467
2.34	6.102
2.342	6.08474
2.344	6.33164
2.346	6.10877
2.348	6.24423
2.35	6.12281
2.352	6.0239
2.354	6.13389
2.356	6.25444
2.358	6.17502
2.36	6.21395
2.362	6.2355
2.364	6.21095
2.366	6.2782
2.368	6.16442
2.37	6.18074
2.372	6.01842
2.374	6.09513
2.376	6.12954
2.378	6.28678
2.38	6.21054
2.382	6.31067
2.384	6.15872
2.386	6.17687
2.388	6.45978
2.39	6.26035
2.392	6.06546
2.394	6.2935
2.396	6.24542
2.398	6.21525
2.4	6.31477
2.402	6.33388
2.404	6.376
2.406	6.38123
2.408	6.47335
2.41	6.31688
2.412	6.18051
2.414	6.26635
2.416	6.39042
2.418	6.21893
2.42	6.39929
2.422	6.43175
2.424	6.36275
2.426	6.47441
2.428	6.57533
2.43	6.28359
2.432	6.29841
2.434	6.30459
2.436	6.55218
2.438	6.55897
2.44	6.72277
2.442	6.5504
2.444	6.52889
2.446	6.48314
2.448	6.39752
2.45	6.69162
2.452	6.42874
2.454	6.58459
2.456	6.50627
2.458	6.44967
2.46	6.45288
2.462	6.52842
2.464	6.56996
2.466	6.64591
2.468	6.52415
2.47	6.46237
2.472	6.42781
2.474	6.45487
2.476	6.63595
2.478	6.56314
2.48	6.68634
2.482	6.74181
2.484	6.63452
2.486	6.56129
2.488	6.73814
2.49	6.59941
2.492	6.44605
2.494	6.60771
2.496	6.63126
2.498	6.61641
2.5	6.7384
2.502	6.6831
2.504	6.81214
2.506	6.72319
2.508	6.70462
2.51	6.62451
2.512	6.62876
2.514	6.80916
2.516	6.62945
2.518	6.71038
2.52	6.64152
2.522	7.04262
2.524	6.79505
2.526	6.89298
2.528	6.86569
2.53	6.86717
2.532	6.73393
2.534	6.73536
2.536	6.67492
2.538	6.70555
2.54	6.83592
2.542	6.92178
2.544	6.9806
2.546	6.90382
2.548	6.7296
2.55	6.85653
2.552	7.00675
2.554	6.95803
2.556	6.7706
2.558	6.85198
2.56	6.93426
2.562	6.93805
2.564	7.12449
2.566	7.00655
2.568	7.07935
2.57	6.8847
2.572	6.98518
2.574	6.97761
2.576	6.99499
2.578	6.90283
2.58	6.96903
2.582	7.00734
2.584	7.10673
2.586	7.01915
2.588	6.99662
2.59	7.05253
2.592	6.9847
2.594	6.90452
2.596	6.93256
2.598	6.8936
2.6	7.03804
2.602	7.17779
2.604	7.14584
2.606	7.06805
2.608	7.26592
2.61	6.94381
2.612	6.96565
2.614	6.96593
2.616	6.89957
2.618	7.01128
2.62	6.97723
2.622	7.17131
2.624	7.13086
2.626	7.06985
2.628	7.26536
2.63	7.19943
2.632	7.25121
2.634	7.25465
2.636	7.15668
2.638	7.22382
2.64	7.15
2.642	7.29245
2.644	7.43152
2.646	7.06652
2.648	7.38901
2.65	7.3091
2.652	7.0796
2.654	7.25786
2.656	7.13795
2.658	7.07561
2.66	7.20387
2.662	7.27363
2.664	7.54056
2.666	7.34721
2.668	7.34451
2.67	7.28842
2.672	7.20492
2.674	7.37783
2.676	7.20185
2.678	7.32509
2.68	7.35336
2.682	7.32684
2.684	7.28688
2.686	7.30089
2.688	7.36755
2.69	7.31625
2.692	7.29619
2.694	7.37399
2.696	7.19191
2.698	7.31476
2.7	7.30967
2.702	7.50263
2.704	7.52172
2.706	7.43167
2.708	7.48637
2.71	7.42901
2.712	7.53261
2.714	7.60428
2.716	7.46564
2.718	7.31677
2.72	7.44161
2.722	7.47539
2.724	7.56893
2.726	7.60536
2.728	7.54036
2.73	7.55807
2.732	7.49514
2.734	7.42921
2.736	7.50806
2.738	7.50825
2.74	7.71387
2.742	7.75087
2.744	7.62172
2.746	7.66325
2.748	7.67963
2.75	7.60347
2.752	7.40763
2.754	7.56628
2.756	7.44516
2.758	7.59255
2.76	7.54527
2.762	7.76468
2.764	7.62172
2.766	7.77283
2.768	7.61311
2.77	7.75771
2.772	7.56023
2.774	7.72576
2.776	7.49132
2.778	7.63497
2.78	7.6091
2.782	7.77437
2.784	7.71059
2.786	7.79362
2.788	7.71516
2.79	7.74671
2.792	7.59404
2.794	7.57317
2.796	7.79687
2.798	7.65498
2.8	7.75002
2.802	7.79485
2.804	7.78292
2.806	7.71626
2.808	7.83654
2.81	7.80236
2.812	7.6092
2.814	7.73904
2.816	7.73114
2.818	7.71362
2.82	7.92378
2.822	8.00902
2.824	7.91396
2.826	8.06228
2.828	8.00737
2.83	7.99789
2.832	7.79858
2.834	7.90642
2.836	7.84548
2.838	7.88588
2.84	7.81629
2.842	7.96401
2.844	7.93224
2.846	7.93135
2.848	7.97807
2.85	7.97457
2.852	7.81133
2.854	7.90706
2.856	7.79323
2.858	7.89692
2.86	7.98631
2.862	8.03244
2.864	8.11893
2.866	8.03881
2.868	8.07673
2.87	8.06656
2.872	8.07555
2.874	7.88721
2.876	7.9622
2.878	8.02466
2.88	8.08401
2.882	8.02495
2.884	8.19075
2.886	8.01262
2.888	8.09921
2.89	8.0446
2.892	8.13107
2.894	8.00541
2.896	8.07126
2.898	8.11093
2.9	8.16684
2.902	8.38576
2.904	8.14061
2.906	8.30369
2.908	8.13693
2.91	8.23228
2.912	8.18361
2.914	8.25698
2.916	7.96852
2.918	8.27935
2.92	8.20204
2.922	8.34154
2.924	8.28057
2.926	8.334
2.928	8.22467
2.93	8.45597
2.932	8.0645
2.934	8.09015
2.936	8.23945
2.938	8.30121
2.94	8.1999
2.942	8.31859
2.944	8.37623
2.946	8.34692
2.948	8.51422
2.95	8.48489
2.952	8.16686
2.954	8.34012
2.956	8.37082
2.958	8.23928
2.96	8.2164
2.962	8.37026
2.964	8.37765
2.966	8.41136
2.968	8.31606
2.97	8.37517
2.972	8.25536
2.974	8.43537
2.976	8.18443
2.978	8.35471
2.98	8.42022
2.982	8.60088
2.984	8.46576
2.986	8.593
2.988	8.51394
2.99	8.47667
2.992	8.23196
2.994	8.47114
2.996	8.27082
2.998	8.46616
3	8.36928
3.002	8.57537
3.004	8.42442
3.006	8.43241
3.008	8.44395
3.01	8.4533
3.012	8.5133
3.014	8.54215
3.016	8.47278
3.018	8.43532
3.02	8.51294
3.022	8.51124
3.024	8.58195
3.026	8.55315
3.028	8.5392
3.03	8.58216
3.032	8.46762
3.034	8.4247
3.036	8.49778
3.038	8.47127
3.04	8.41221
3.042	8.6497
3.044	8.63779
3.046	8.5494
3.048	8.64372
3.05	8.61429
3.052	8.71053
3.054	8.75316
3.056	8.55485
3.058	8.48952
3.06	8.60877
3.062	8.72476
3.064	8.79362
3.066	8.66558
3.068	8.77832
3.07	8.64786
3.072	8.6423
3.074	8.59822
3.076	8.5512
3.078	8.67519
3.08	8.74082
3.082	8.76114
3.084	8.67836
3.086	8.75388
3.088	8.94919
3.09	8.71355
3.092	8.67908
3.094	8.91682
3.096	8.85365
3.098	8.71689
3.1	8.76721
3.102	8.87611
3.104	8.83947
3.106	8.79755
3.108	8.77255
3.11	8.90692
3.112	8.85403
3.114	8.94735
3.116	8.86609
3.118	8.84819
3.12	8.94975
3.122	9.00648
3.124	8.90938
3.126	8.95848
3.128	8.84947
3.13	8.88956
3.132	9.05767
3.134	8.92074
3.136	8.84121
3.138	8.9011
3.14	8.84231
3.142	9.06809
3.144	9.01344
3.146	9.02635
3.148	9.08705
3.15	9.23101
3.152	8.8916
3.154	9.07367
3.156	9.05279
3.158	8.95977
3.16	9.03782
3.162	9.02185
3.164	9.05388
3.166	9.05188
3.168	9.11432
3.17	9.17601
3.172	9.24194
3.174	9.05792
3.176	8.86762
3.178	9.1325
3.18	9.19919
3.182	8.95594
3.184	9.19679
3.186	9.14901
3.188	9.30942
3.19	9.31534
3.192	8.8974
3.194	9.15583
3.196	9.10635
3.198	9.19209
3.2	9.19189
3.202	9.28651
3.204	9.20945
3.206	9.37752
3.208	9.17278
3.21	9.21933
3.212	9.26659
3.214	9.17446
3.216	9.25303
3.218	9.23399
3.22	9.21695
3.222	9.32902
3.224	9.31202
3.226	9.40018
3.228	9.25554
3.23	9.41633
3.232	9.12304
3.234	9.18955
3.236	9.23331
3.238	9.18211
3.24	9.15235
3.242	9.25512
3.244	9.29917
3.246	9.37301
3.248	9.45207
3.25	9.31415
3.252	9.3655
3.254	9.41474
3.256	9.17485
3.258	9.306
3.26	9.30805
3.262	9.3556
3.264	9.35947
3.266	9.33608
3.268	9.29661
3.27	9.15174
3.272	9.29745
3.274	9.1739
3.276	9.23809
3.278	9.40701
3.28	9.28082
3.282	9.30333
3.284	9.47729
3.286	9.39878
3.288	9.53109
3.29	9.26136
3.292	9.31171
3.294	9.47294
3.296	9.34513
3.298	9.24631
3.3	9.19782
3.302	9.51572
3.304	9.29985
3.306	9.42785
3.308	9.53723
3.31	9.45597
3.312	9.443
3.314	9.65906
3.316	9.50984
3.318	9.60254
3.32	9.62381
3.322	9.69124
3.324	9.57586
3.326	9.55895
3.328	9.64269
3.33	9.55855
3.332	9.58509
3.334	9.56908
3.336	9.5
3.338	9.67965
3.34	9.51392
3.342	9.63949
3.344	9.66608
3.346	9.68
3.348	9.66757
3.35	9.61613
3.352	9.7151
3.354	9.5342
3.356	9.58291
3.358	9.69934
3.36	9.77643
3.362	9.67663
3.364	9.69084
3.366	9.89068
3.368	9.83312
3.37	9.98138
3.372	9.59354
3.374	9.84983
3.376	9.67962
3.378	9.71491
3.38	9.76623
3.382	9.66474
3.384	9.91985
3.386	9.85543
3.388	9.8304
3.39	9.77737
3.392	9.84396
3.394	9.71052
3.396	9.77889
3.398	9.69105
3.4	9.81864
3.402	9.87061
3.404	9.89839
3.406	10.0887
3.408	9.95735
3.41	10.0324
3.412	9.98846
3.414	9.72804
3.416	9.85511
3.418	9.94003
3.42	9.96143
3.422	9.89206
3.424	9.98717
3.426	9.96297
3.428	9.81389
3.43	10.0711
3.432	10.0261
3.434	9.93645
3.436	9.90722
3.438	9.81422
3.44	10.0006
3.442	10.1021
3.444	10.0715
3.446	10.076
3.448	10.0334
3.45	9.92952
3.452	10.005
3.454	9.98938
3.456	9.97009
3.458	10.1011
3.46	10.0774
3.462	10.058
3.464	10.0806
3.466	10.1727
3.468	10.0621
3.47	10.0048
3.472	10.1668
3.474	10.0672
3.476	10.0572
3.478	9.94766
3.48	9.92862
3.482	10.0086
3.484	10.099
3.486	9.99518
3.488	10.1147
3.49	10.0242
3.492	10.0662
3.494	10.2593
3.496	10.1607
3.498	10.0581
3.5	10.3088
3.502	10.2532
3.504	10.2496
3.506	10.3874
3.508	10.3585
3.51	10.2116
3.512	10.054
3.514	10.2535
3.516	10.0399
3.518	10.3005
3.52	10.2627
3.522	10.2026
3.524	10.1683
3.526	10.3049
3.528	10.3639
3.53	10.3024
3.532	10.284
3.534	10.2898
3.536	10.2112
3.538	10.4113
3.54	10.3038
3.542	10.3618
3.544	10.3019
3.546	10.2312
3.548	10.3203
3.55	10.41
3.552	9.97163
3.554	10.342
3.556	10.0982
3.558	10.397
3.56	10.3334
3.562	10.4685
3.564	10.3095
3.566	10.4536
3.568	10.2101
3.57	10.4382
3.572	10.3762
3.574	10.3497
3.576	10.4545
3.578	10.386
3.58	10.2438
3.582	10.5692
3.584	10.3553
3.586	10.3592
3.588	10.4485
3.59	10.4254
3.592	10.344
3.594	10.3028
3.596	10.3456
3.598	10.2458
3.6	10.4024
3.602	10.6871
3.604	10.5144
3.606	10.6114
3.608	10.5407
3.61	10.548
3.612	10.5133
3.614	10.4983
3.616	10.4106
3.618	10.3013
3.62	10.481
3.622	10.4513
3.624	10.6703
3.626	10.3884
3.628	10.5271
3.63	10.4632
3.632	10.5823
3.634	10.5957
3.636	10.6723
3.638	10.5195
3.64	10.4472
3.642	10.5784
3.644	10.5483
3.646	10.626
3.648	10.6015
3.65	10.7148
3.652	10.6633
3.654	10.5717
3.656	10.7033
3.658	10.5761
3.66	10.6425
3.662	10.4635
3.664	10.5949
3.666	10.6709
3.668	10.6761
3.67	10.6326
3.672	10.7145
3.674	10.6177
3.676	10.6966
3.678	10.7239
3.68	10.7032
3.682	10.7307
3.684	10.8621
3.686	10.8655
3.688	10.7642
3.69	10.7602
3.692	10.7111
3.694	10.7378
3.696	10.491
3.698	10.5961
3.7	10.6433
3.702	10.8249
3.704	10.8121
3.706	10.85
3.708	10.7266
3.71	10.6653
3.712	10.7159
3.714	10.8837
3.716	10.8135
3.718	10.795
3.72	10.8178
3.722	10.9988
3.724	10.8902
3.726	10.9513
3.728	11.0697
3.73	10.8441
3.732	10.8543
3.734	10.7382
3.736	10.8736
3.738	10.7261
3.74	10.7118
3.742	10.7836
3.744	10.7629
3.746	10.8418
3.748	10.8149
3.75	10.9503
3.752	10.8176
3.754	10.714
3.756	10.8562
3.758	10.7671
3.76	10.809
3.762	10.7226
3.764	10.9335
3.766	10.8345
3.768	10.7926
3.77	11.0251
3.772	10.9107
3.774	10.7355
3.776	10.8169
3.778	10.7522
3.78	10.6903
3.782	11.1002
3.784	10.8952
3.786	11.0003
3.788	11.0908
3.79	11.2031
3.792	10.9777
3.794	10.926
3.796	11.0369
3.798	11.0445
3.8	10.9661
3.802	11.0373
3.804	11.1483
3.806	11.1
3.808	11.1994
3.81	10.9145
3.812	11.1683
3.814	10.9509
3.816	11.0371
3.818	11.0749
3.82	11.3169
3.822	11.3122
3.824	11.1678
3.826	11.2605
3.828	11.1089
3.83	11.1528
3.832	11.0312
3.834	11.2631
3.836	11.1283
3.838	11.0889
3.84	10.9627
3.842	11.1522
3.844	11.1824
3.846	11.3868
3.848	11.2455
3.85	11.2538
3.852	11.1639
3.854	11.1087
3.856	11.2503
3.858	11.2549
3.86	11.1896
3.862	11.3598
3.864	11.397
3.866	11.312
3.868	11.3228
3.87	11.2198
3.872	11.3577
3.874	11.1642
3.876	11.3731
3.878	11.2425
3.88	11.3472
3.882	11.4506
3.884	11.299
3.886	11.3345
3.888	11.4316
3.89	11.3371
3.892	11.1002
3.894	11.4949
3.896	11.5133
3.898	11.3951
3.9	11.4136
3.902	11.4115
3.904	11.4354
3.906	11.3699
3.908	11.5779
3.91	11.5584
3.912	11.3327
3.914	11.4616
3.916	11.493
3.918	11.5482
3.92	11.3699
3.922	11.4916
3.924	11.3551
3.926	11.5043
3.928	11.4024
3.93	11.5511
3.932	11.2037
3.934	11.4069
3.936	11.4414
3.938	11.4736
3.94	11.4135
3.942	11.4811
3.944	11.4186
3.946	11.4096
3.948	11.5901
3.95	11.5613
3.952	11.4443
3.954	11.6217
3.956	11.6881
3.958	11.462
3.96	11.3495
3.962	11.5534
3.964	11.7873
3.966	11.5921
3.968	11.5709
3.97	11.7485
3.972	11.6542
3.974	11.6409
3.976	11.7477
3.978	11.5313
3.98	11.475
3.982	11.8551
3.984	11.7657
3.986	11.5791
3.988	11.9181
3.99	11.7711
3.992	11.4751
3.994	11.7761
3.996	11.7653
3.998	11.6892
4	11.5667
4.002	11.7382
4.004	11.6844
4.006	11.7253
4.008	11.5607
4.01	11.599
4.012	11.7548
4.014	11.5811
4.016	11.531
4.018	11.5793
4.02	11.8557
4.022	11.9132
4.024	11.8081
4.026	11.8581
4.028	11.9484
4.03	11.8629
4.032	11.84
4.034	11.7557
4.036	11.8269
4.038	11.8444
4.04	11.7248
4.042	11.8428
4.044	11.8857
4.046	11.7868
4.048	11.8283
4.05	11.6346
4.052	11.7407
4.054	11.7
4.056	11.7666
4.058	11.9232
4.06	11.8091
4.062	12.0614
4.064	11.9464
4.066	11.7984
4.068	11.8552
4.07	11.8525
4.072	11.9849
4.074	11.997
4.076	11.7816
4.078	11.6828
4.08	11.8203
4.082	11.8514
4.084	11.9931
4.086	11.8959
4.088	12.035
4.09	11.9716
4.092	12.0111
4.094	11.9266
4.096	12.0095
4.098	11.9617
4.1	11.9642
4.102	11.9858
4.104	12.1065
4.106	12.0496
4.108	11.943
4.11	11.8788
4.112	11.9095
4.114	11.9762
4.116	11.8685
4.118	11.8139
4.12	11.8972
4.122	11.9517
4.124	12.1544
4.126	11.9011
4.128	12.0637
4.13	11.959
4.132	12.019
4.134	11.9799
4.136	12.1322
4.138	12.0432
4.14	12.0491
4.142	12.1041
4.144	12.2623
4.146	12.0206
4.148	12.117
4.15	12.282
4.152	12.0007
4.154	12.0081
4.156	12.0906
4.158	12.1516
4.16	11.9883
4.162	12.1812
4.164	12.0818
4.166	12.1523
4.168	12.2593
4.17	12.2668
4.172	12.0501
4.174	12.0022
4.176	12.2509
4.178	12.2099
4.18	12.4096
4.182	12.1949
4.184	12.3336
4.186	12.173
4.188	12.2178
4.19	12.4317
4.192	12.1372
4.194	12.06
4.196	12.2085
4.198	12.2878
4.2	12.1672
4.202	12.2731
4.204	12.2128
4.206	12.2453
4.208	12.2167
4.21	12.0482
4.212	12.4349
4.214	12.2426
4.216	12.3457
4.218	12.2958
4.22	12.3378
4.222	12.3659
4.224	12.2726
4.226	12.2665
4.228	12.3469
4.23	12.5347
4.232	12.1584
4.234	12.2471
4.236	12.298
4.238	12.172
4.24	12.2159
4.242	12.3953
4.244	12.3669
4.246	12.5306
4.248	12.454
4.25	12.5244
4.252	12.2813
4.254	12.5408
4.256	12.2126
4.258	12.3273
4.26	12.545
4.262	12.6477
4.264	12.6768
4.266	12.6822
4.268	12.5027
4.27	12.3216
4.272	12.6038
4.274	12.3495
4.276	12.4259
4.278	12.3561
4.28	12.4859
4.282	12.4563
4.284	12.7065
4.286	12.5657
4.288	12.5387
4.29	12.7064
4.292	12.4793
4.294	12.4225
4.296	12.3712
4.298	12.4635
4.3	12.5099
4.302	12.5929
4.304	12.6819
4.306	12.5038
4.308	12.6369
4.31	12.5856
4.312	12.5286
4.314	12.5057
4.316	12.4475
4.318	12.6087
4.32	12.5
4.322	12.7413
4.324	12.4874
4.326	12.8138
4.328	12.7383
4.33	12.8073
4.332	12.7059
4.334	12.4119
4.336	12.5636
4.338	12.6152
4.34	12.5858
4.342	12.7026
4.344	12.819
4.346	12.7277
4.348	12.6634
4.35	12.6925
4.352	12.5705
4.354	12.5749
4.356	12.8057
4.358	12.5385
4.36	12.6348
4.362	12.6369
4.364	12.7652
4.366	12.7567
4.368	13.0188
4.37	12.8705
4.372	12.7922
4.374	12.9169
4.376	12.5942
4.378	12.7977
4.38	12.9594
4.382	12.9452
4.384	12.9468
4.386	12.7286
4.388	12.7685
4.39	12.6372
4.392	12.7009
4.394	12.77
4.396	12.9472
4.398	12.7593
4.4	12.8004
4.402	12.8316
4.404	12.855
4.406	12.8811
4.408	12.686
4.41	12.7206
4.412	12.7683
4.414	12.7673
4.416	12.8623
4.418	12.9588
4.42	12.8316
4.422	12.7555
4.424	12.9771
4.426	12.9443
4.428	12.9533
4.43	12.8072
4.432	12.9362
4.434	12.8395
4.436	12.9602
4.438	12.9693
4.44	12.9116
4.442	12.9796
4.444	13.2619
4.446	12.9839
4.448	12.9899
4.45	12.9609
4.452	12.8841
4.454	12.8315
4.456	12.798
4.458	12.9278
4.46	13.0837
4.462	12.8363
4.464	13.2124
4.466	13.1249
4.468	12.8217
4.47	12.9535
4.472	12.9303
4.474	12.6967
4.476	12.8087
4.478	13.057
4.48	13.0631
4.482	13.1111
4.484	13.1869
4.486	13.0379
4.488	13.1757
4.49	13.024
4.492	13.0271
4.494	13.1476
4.496	12.9758
4.498	13.1237
4.5	13.208
4.502	13.1542
4.504	13.1893
4.506	13.0047
4.508	13.1387
4.51	13.0251
4.512	13.0913
4.514	12.9289
4.516	13.0863
4.518	12.9432
4.52	12.9194
4.522	13.1285
4.524	13.3096
4.526	13.2068
4.528	13.165
4.53	13.1548
4.532	13.2159
4.534	13.0368
4.536	12.9072
4.538	13.0923
4.54	13.0387
4.542	12.9113
4.544	13.0495
4.546	13.1642
4.548	12.9567
4.55	13.2911
4.552	13.1609
4.554	12.8988
4.556	12.9372
4.558	13.1999
4.56	13.0676
4.562	13.3011
4.564	13.4625
4.566	13.3298
4.568	13.2861
4.57	13.229
4.572	13.2684
4.574	13.0812
4.576	13.2519
4.578	13.2635
4.58	13.3538
4.582	13.1149
4.584	13.3762
4.586	13.1552
4.588	13.4549
4.59	13.2929
4.592	13.2308
4.594	13.0972
4.596	13.0913
4.598	13.2395
4.6	13.3699
4.602	13.3784
4.604	13.2843
4.606	13.3142
4.608	13.4173
4.61	13.4562
4.612	13.2413
4.614	13.1481
4.616	13.2297
4.618	13.4344
4.62	13.1836
4.622	13.3737
4.624	13.4069
4.626	13.473
4.628	13.4538
4.63	13.446
4.632	12.9955
4.634	13.4531
4.636	13.4469
4.638	13.385
4.64	13.4434
4.642	13.4766
4.644	13.4114
4.646	13.4661
4.648	13.5013
4.65	13.4964
4.652	13.5331
4.654	13.0684
4.656	13.2951
4.658	13.2338
4.66	13.4799
4.662	13.4347
4.664	13.478
4.666	13.3011
4.668	13.3925
4.67	13.3375
4.672	13.321
4.674	13.4125
4.676	13.3912
4.678	13.4743
4.68	13.476
4.682	13.6202
4.684	13.6431
4.686	13.5005
4.688	13.7603
4.69	13.7141
4.692	13.398
4.694	13.335
4.696	13.5599
4.698	13.3809
4.7	13.4141
4.702	13.4538
4.704	13.6818
4.706	13.5193
4.708	13.429
4.71	13.3783
4.712	13.4319
4.714	13.6153
4.716	13.5801
4.718	13.5853
4.72	13.8751
4.722	13.7978
4.724	13.8434
4.726	13.6449
4.728	13.6128
4.73	13.5801
4.732	13.4832
4.734	13.4956
4.736	13.4387
4.738	13.4411
4.74	13.6039
4.742	13.5503
4.744	13.6106
4.746	13.7218
4.748	13.6816
4.75	13.5698
4.752	13.46
4.754	13.3864
4.756	13.448
4.758	13.4317
4.76	13.8016
4.762	13.6777
4.764	13.7761
4.766	13.9691
4.768	13.8961
4.77	13.8617
4.772	13.3943
4.774	13.5894
4.776	13.6912
4.778	13.7769
4.78	13.7019
4.782	13.7762
4.784	13.6377
4.786	13.6958
4.788	13.7884
4.79	13.7289
4.792	13.8674
4.794	13.7189
4.796	13.5263
4.798	13.9334
4.8	13.6924
4.802	13.8028
4.804	13.7992
4.806	13.8646
4.808	13.6355
4.81	13.5734
4.812	13.8251
4.814	13.7287
4.816	13.7985
4.818	13.9042
4.82	13.7905
4.822	14.0199
4.824	13.958
4.826	13.9951
4.828	13.9816
4.83	13.795
4.832	13.7075
4.834	13.8982
4.836	13.7855
4.838	14.0222
4.84	13.9109
4.842	13.8617
4.844	13.8626
4.846	14.1874
4.848	13.9528
4.85	13.9957
4.852	13.712
4.854	13.6109
4.856	13.7752
4.858	13.7639
4.86	13.901
4.862	14.0174
4.864	13.9603
4.866	13.867
4.868	14.077
4.87	13.6994
4.872	13.8121
4.874	13.9987
4.876	13.9447
4.878	14.2045
4.88	13.9744
4.882	14.0488
4.884	13.8493
4.886	13.9095
4.888	13.8286
4.89	13.8508
4.892	14.0039
4.894	13.6556
4.896	13.8421
4.898	13.9194
4.9	13.8688
4.902	14.0063
4.904	14.3053
4.906	13.9466
4.908	14.0334
4.91	14.248
4.912	13.9943
4.914	13.8928
4.916	13.9909
4.918	14.0359
4.92	14.0313
4.922	14.1027
4.924	14.2523
4.926	14.0894
4.928	14.2001
4.93	14.0315
4.932	14.0887
4.934	14.0037
4.936	14.0893
4.938	13.9877
4.94	13.8685
4.942	14.2565
4.944	13.9235
4.946	14.1891
4.948	14.0425
4.95	14.0359
4.952	14.1815
4.954	13.9225
4.956	14.0349
4.958	13.9448
4.96	14.0024
4.962	13.9014
4.964	14.1049
4.966	14.3044
4.968	14.1934
4.97	14.1476
4.972	14.0997
4.974	13.8927
4.976	14.0533
4.978	14.2465
4.98	14.1298
4.982	14.3611
4.984	14.3535
4.986	14.0532
4.988	14.1546
4.99	14.197
4.992	13.9656
4.994	13.9774
4.996	14.0219
4.998	14.2541
5	14.232
5.002	14.3708
5.004	14.3428
5.006	14.2727
5.008	14.0979
5.01	14.0639
5.012	14.2241
5.014	14.0073
5.016	14.1747
5.018	14.1366
5.02	14.4002
5.022	14.3814
5.024	14.3656
5.026	14.2981
5.028	14.311
5.03	14.0743
5.032	14.4339
5.034	14.3409
5.036	14.2062
5.038	14.3684
5.04	14.3363
5.042	14.2331
5.044	14.3511
5.046	14.1839
5.048	14.353
5.05	14.3121
5.052	14.1525
5.054	14.3212
5.056	14.329
5.058	14.2852
5.06	14.5588
5.062	14.3567
5.064	14.4253
5.066	14.5504
5.068	14.3079
5.07	14.3225
5.072	14.2889
5.074	14.2365
5.076	14.156
5.078	14.4221
5.08	14.6557
5.082	14.4531
5.084	14.2423
5.086	14.4372
5.088	14.5565
5.09	14.4098
5.092	14.283
5.094	14.6362
5.096	14.3255
5.098	14.3399
5.1	14.6402
5.102	14.4571
5.104	14.4361
5.106	14.5337
5.108	14.6066
5.11	14.464
5.112	14.4036
5.114	14.5516
5.116	14.6114
5.118	14.4421
5.12	14.584
5.122	14.6127
5.124	14.6153
5.126	14.6212
5.128	14.6562
5.13	14.3661
5.132	14.2525
5.134	14.3142
5.136	14.4826
5.138	14.538
5.14	14.5899
5.142	14.5026
5.144	14.8295
5.146	14.9082
5.148	14.6264
5.15	14.5452
5.152	14.4185
5.154	14.4767
5.156	14.4761
5.158	14.6909
5.16	14.7696
5.162	14.7065
5.164	14.8557
5.166	14.7817
5.168	14.6298
5.17	14.5707
5.172	14.5301
5.174	14.5624
5.176	14.5541
5.178	15.222
5.18	0.90054
5.182	1.25363
5.184	1.4583
5.186	1.37435
5.188	1.51945
5.19	1.43243
5.192	1.4943
5.194	1.4157
5.196	1.43606
5.198	1.41704
5.2	1.49433
5.202	1.49855
5.204	1.63635
5.206	1.54604
5.208	1.50306
5.21	1.38494
5.212	1.46779
5.214	1.42557
5.216	1.34148
5.218	1.39755
5.22	1.46504
5.222	1.50115
5.224	1.44001
5.226	1.46755
5.228	1.43066
5.23	1.38077
5.232	1.21876
5.234	1.32941
5.236	1.31539
5.238	1.25713
5.24	1.31599
5.242	1.31461
5.244	1.31089
5.246	1.33628
5.248	1.2238
5.25	1.33477
5.252	1.15973
5.254	1.23266
5.256	1.10546
5.258	1.22559
5.26	1.27212
5.262	1.2426
5.264	1.33476
5.266	1.25292
5.268	1.2461
5.27	1.11978
5.272	0.948973
5.274	0.97376
5.276	1.09212
5.278	1.11607
5.28	1.15698
5.282	1.1409
5.284	1.11376
5.286	1.1204
5.288	1.05956
5.29	1.07034
5.292	1.02768
5.294	1.0203
5.296	0.984774
5.298	1.0235
5.3	1.01773
5.302	1.08518
5.304	1.11875
5.306	1.0475
5.308	0.995555
5.31	0.957607
5.312	0.890744
5.314	0.812083
5.316	0.766392
5.318	0.863974
5.32	0.930009
5.322	0.976042
5.324	0.947943
5.326	1.00044
5.328	0.91748
5.33	0.911864
5.332	0.788724
5.334	0.794181
5.336	0.820381
5.338	0.899281
5.34	0.901965
5.342	1.02178
5.344	1.03968
5.346	0.997209
5.348	0.896174
5.35	0.893017
5.352	0.784521
5.354	0.714229
5.356	0.692083
5.358	0.71107
5.36	0.781279
5.362	0.827712
5.364	0.905505
5.366	0.814718
5.368	0.808805
5.37	0.847417
5.372	0.654171
5.374	0.682636
5.376	0.616708
5.378	0.667669
5.38	0.639935
5.382	0.826432
5.384	0.715041
5.386	0.774465
5.388	0.764012
5.39	0.758169
5.392	0.573208
5.394	0.648279
5.396	0.562727
5.398	0.63732
5.4	0.586379
5.402	0.777984
5.404	0.798853
5.406	0.760932
5.408	0.74106
5.41	0.570206
5.412	0.619765
5.414	0.594761
5.416	0.614722
5.418	0.568363
5.42	0.651617
5.422	0.633333
5.424	0.677313
5.426	0.613397
5.428	0.536463
5.43	0.661133
5.432	0.514778
5.434	0.538808
5.436	0.537298
5.438	0.574382
5.44	0.594381
5.442	0.619537
5.444	0.64681
5.446	0.65088
5.448	0.569583
5.45	0.596967
5.452	0.464167
5.454	0.530634
5.456	0.525514
5.458	0.528202
5.46	0.489193
5.462	0.517728
5.464	0.593131
5.466	0.631487
5.468	0.555426
5.47	0.534719
5.472	0.398513
5.474	0.4689
5.476	0.382554
5.478	0.386485
5.48	0.489049
5.482	0.544435
5.484	0.579446
5.486	0.53698
5.488	0.585239
5.49	0.582293
5.492	0.357868
5.494	0.44962
5.496	0.37989
5.498	0.419039
5.5	0.447244
5.502	0.485438
5.504	0.612792
5.506	0.541705
5.508	0.498126
5.51	0.457663
5.512	0.336113
5.514	0.351055
5.516	0.362265
5.518	0.392406
5.52	0.355934
5.522	0.474742
5.524	0.454908
5.526	0.522512
5.528	0.407208
5.53	0.461355
5.532	0.338874
5.534	0.342294
5.536	0.408481
5.538	0.331657
5.54	0.414013
5.542	0.499336
5.544	0.529638
5.546	0.475773
5.548	0.45742
5.55	0.497121
5.552	0.35769
5.554	0.430925
5.556	0.312141
5.558	0.432399
5.56	0.301756
5.562	0.461703
5.564	0.45466
5.566	0.535163
5.568	0.510597
5.57	0.435843
5.572	0.391816
5.574	0.324463
5.576	0.384017
5.578	0.334331
5.58	0.383971
5.582	0.493821
5.584	0.48015
5.586	0.304495
5.588	0.50182
5.59	0.412982
5.592	0.311181
5.594	0.310719
5.596	0.324367
5.598	0.363086
5.6	0.365996
5.602	0.411254
5.604	0.437348
5.606	0.371676
5.608	0.442335
5.61	0.41652
5.612	0.379212
5.614	0.343361
5.616	0.238426
5.618	0.391756
5.62	0.336967
5.622	0.457256
5.624	0.295595
5.626	0.339993
5.628	0.350309
5.63	0.371958
5.632	0.203388
5.634	0.29215
5.636	0.325648
5.638	0.325595
5.64	0.252599
5.642	0.431091
5.644	0.461662
5.646	0.311703
5.648	0.397713
5.65	0.393958
5.652	0.215091
5.654	0.303834
5.656	0.299749
5.658	0.303386
5.66	0.22538
5.662	0.324123
5.664	0.403989
5.666	0.364427
5.668	0.301165
5.67	0.323986
5.672	0.157135
5.674	0.228115
5.676	0.296213
5.678	0.249761
5.68	0.234777
5.682	0.400725
5.684	0.369017
5.686	0.294527
5.688	0.309081
5.69	0.428897
5.692	0.157083
5.694	0.202956
5.696	0.196074
5.698	0.283629
5.7	0.22139
5.702	0.405102
5.704	0.334059
5.706	0.286084
5.708	0.374077
5.71	0.363322
5.712	0.123652
5.714	0.219908
5.716	0.261685
5.718	0.197768
5.72	0.119538
5.722	0.378415
5.724	0.309686
5.726	0.370758
5.728	0.265857
5.73	0.378724
5.732	0.193984
5.734	0.103118
5.736	0.224258
5.738	0.112422
5.74	0.210497
5.742	0.28465
5.744	0.295585
5.746	0.275784
5.748	0.294839
5.75	0.276542
5.752	0.113491
5.754	0.160341
5.756	0.23565
5.758	0.158169
5.76	0.157781
5.762	0.262115
5.764	0.285918
5.766	0.377172
5.768	0.228059
5.77	0.228744
5.772	0.13393
5.774	0.188349
5.776	0.159345
5.778	0.15134
5.78	0.0982759
5.782	0.255826
5.784	0.192746
5.786	0.232626
5.788	0.283063
5.79	0.347936
5.792	0.0379592
5.794	0.239414
5.796	0.221926
5.798	0.0868425
5.8	0.163001
5.802	0.255298
5.804	0.260454
5.806	0.287929
5.808	0.269914
5.81	0.14537
5.812	0.12888
5.814	0.177985
5.816	0.232355
5.818	0.0970367
5.82	0.158047
5.822	0.223534
5.824	0.219834
5.826	0.230733
5.828	0.211867
5.83	0.215823
5.832	0.0596165
5.834	0.147222
5.836	0.181368
5.838	0.158837
5.84	0.085463
5.842	0.261745
5.844	0.208083
5.846	0.221841
5.848	0.218726
5.85	0.22613
5.852	0.0877034
5.854	0.0996082
5.856	0.0730367
5.858	0.13671
5.86	0.0737791
5.862	0.229431
5.864	0.181384
5.866	0.192664
5.868	0.27334
5.87	0.179266
5.872	0.0797634
5.874	0.145055
5.876	0.240629
5.878	0.146921
5.88	0.193521
5.882	0.279322
5.884	0.178115
5.886	0.211943
5.888	0.209612
5.89	0.176813
5.892	0.108204
5.894	0.189325
5.896	0.0577622
5.898	0.0842507
5.9	0.11698
5.902	0.202086
5.904	0.185044
5.906	0.207324
5.908	0.166337
5.91	0.145584
5.912	0.0887817
5.914	0.134817
5.916	0.15804
5.918	0.192137
5.92	0.100099
5.922	0.267361
5.924	0.200543
5.926	0.180987
5.928	0.189739
5.93	0.190807
5.932	0.0453556
5.934	0.213778
5.936	0.0617126
5.938	0.0229303
5.94	0.0446704
5.942	0.190736
5.944	0.199493
5.946	0.157926
5.948	0.121167
5.95	0.0515596
5.952	0.0360341
5.954	0.0711702
5.956	0.0928462
5.958	0.131608
5.96	0.100487
5.962	0.147415
5.964	0.157752
5.966	0.177756
5.968	0.270312
5.97	0.0847288
5.972	0.0453975
5.974	0.115714
5.976	0.136688
5.978	0.0680984
5.98	0.0951043
5.982	0.122514
5.984	0.120446
5.986	0.0814347
5.988	0.209446
5.99	0.102665
5.992	0.126898
5.994	0.0813298
5.996	0.0824407
5.998	0.0801215
6	0.0673019
6.002	0.231634
6.004	0.138475
6.006	0.115087
6.008	0.117745
6.01	0.137965
6.012	0.143042
6.014	0.0767017
6.016	0.0609299
6.018	0.0706577
6.02	0.170384
6.022	0.196798
6.024	0.175176
6.026	0.177218
6.028	0.185997
6.03	0.140501
6.032	0.00406633
6.034	0.0249925
6.036	0.127298
6.038	0.104607
6.04	0.134627
6.042	0.222679
6.044	0.195415
6.046	0.114272
6.048	0.154268
6.05	0.039768
6.052	-0.00761318
6.054	0.0455657
6.056	0.0770258
6.058	0.0529239
6.06	0.0937288
6.062	0.118119
6.064	0.219534
6.066	0.124878
6.068	0.0850847
6.07	0.16633
6.072	0.0423021
6.074	0.0763424
6.076	0.0184425
6.078	0.0899346
6.08	0.122666
6.082	0.211727
6.084	0.134797
6.086	0.11486
6.088	0.193471
6.09	0.178342
6.092	-0.041413
6.094	0.0494208
6.096	0.112763
6.098	0.0809499
6.1	-0.0247832
6.102	0.219861
6.104	0.183435
6.106	0.175733
6.108	0.0602675
6.11	0.147521
6.112	0.00620406
6.114	0.0738272
6.116	0.0741994
6.118	0.0591597
6.12	0.097079
6.122	0.129884
6.124	0.157508
6.126	0.178836
6.128	0.130902
6.13	0.0683677
6.132	-0.0106033
6.134	-0.00584211
6.136	0.00430631
6.138	0.0147407
6.14	0.147402
6.142	0.191716
6.144	0.166745
6.146	0.118618
6.148	0.15492
6.15	0.105782
6.152	-0.0289394
6.154	0.0345788
6.156	0.103884
6.158	-0.023794
6.16	0.00226328
6.162	0.110631
6.164	0.169768
6.166	0.0913358
6.168	0.0698565
6.17	0.0690452
6.172	0.0257467
6.174	-0.0101751
6.176	0.00511366
6.178	0.0236606
6.18	0.153872
6.182	0.15804
6.184	0.199824
6.186	0.110938
6.188	0.192526
6.19	0.135581
6.192	0.0499757
6.194	0.0352718
6.196	0.171357
6.198	0.00298517
6.2	0.117442
6.202	0.117172
6.204	0.120889
6.206	0.0869793
6.208	0.0671717
6.21	-0.0933888
6.212	0.0883692
6.214	-0.0221836
6.216	0.064376
6.218	-0.149381
6.22	0.0653625
6.222	0.139101
6.224	0.18998
6.226	0.0507037
6.228	0.219618
6.23	0.0127463
6.232	-0.0389548
6.234	0.098314
6.236	0.102018
6.238	-0.0065765
6.24	0.0663074
6.242	0.123448
6.244	0.0623166
6.246	0.0821085
6.248	0.0838013
6.25	0.087262
6.252	-0.0522125
6.254	0.0586135
6.256	-0.0381781
6.258	-0.0110861
6.26	0.0783906
6.262	0.0766505
6.264	0.138327
6.266	0.0947119
6.268	0.132966
6.27	5.65626e-4
6.272	0.0343316
6.274	-0.0130299
6.276	0.0619322
6.278	0.00409429
6.28	0.128653
6.282	0.142579
6.284	0.203918
6.286	0.0124861
6.288	0.125404
6.29	0.0214628
6.292	-0.0247842
6.294	-0.0423435
6.296	0.00129028
6.298	0.0402955
6.3	0.079515
6.302	0.0919221
6.304	0.0875278
6.306	0.112262
6.308	0.0460192
6.31	-0.0122668
6.312	0.0409078
6.314	0.0756515
6.316	-0.00248462
6.318	-0.0385258
6.32	0.0383974
6.322	0.152827
6.324	0.0617942
6.326	0.103428
6.328	0.131114
6.33	0.00918106
6.332	0.0112928
6.334	0.0331112
6.336	-0.0749925
6.338	-0.0851746
6.34	0.127392
6.342	0.195042
6.344	0.108383
6.346	0.161989
6.348	0.109983
6.35	0.057791
6.352	0.0255373
6.354	-0.0684112
6.356	0.0728126
6.358	0.00586257
6.36	0.0774638
6.362	0.058765
6.364	0.0996916
6.366	0.0680633
6.368	0.106983
6.37	0.00878929
6.372	-0.0370046
6.374	-1.85095e-4
6.376	0.0841998
6.378	0.0410933
6.38	0.0364529
6.382	0.133783
6.384	0.155222
6.386	-0.0304319
6.388	0.193692
6.39	0.0787431
6.392	0.0366103
6.394	0.0801241
6.396	0.00662525
6.398	0.00995054
6.4	0.0738132
6.402	0.0499747
6.404	0.120728
6.406	0.0686257
6.408	0.125296
6.41	0.0248143
6.412	0.0472619
6.414	-0.00787588
6.416	0.0440536
6.418	-0.0116164
6.42	0.211345
6.422	0.0684888
6.424	0.206528
6.426	0.132401
6.428	0.168583
6.43	0.0435387
6.432	0.0272515
6.434	-0.0496958
6.436	0.0486212
6.438	-0.00120732
6.44	0.112451
6.442	0.062111
6.444	0.0898592
6.446	0.0447834
6.448	0.0631876
6.45	0.0243292
6.452	0.0168151
6.454	0.00807826
6.456	0.032463
6.458	0.036246
6.46	0.160099
6.462	0.0331469
6.464	0.21671
6.466	0.101805
6.468	0.0895853
6.47	0.0655179
6.472	-0.0228311
6.474	0.0288632
6.476	-0.0242903
6.478	0.0339763
6.48	0.0353116
6.482	0.100524
6.484	0.0807315
6.486	0.106749
6.488	0.0687585
6.49	0.0492165
6.492	-0.0411868
6.494	-0.00150772
6.496	0.0615696
6.498	-0.119495
6.5	0.150704
6.502	0.0994325
6.504	0.14449
6.506	0.0515497
6.508	0.112911
6.51	0.0515252
6.512	0.0280814
6.514	0.0544952
6.516	0.00498307
6.518	-0.00725471
6.52	0.0770463
6.522	0.113019
6.524	0.137029
6.526	0.117212
6.528	0.186278
6.53	-0.0333701
6.532	-3.41391e-4
6.534	0.0369896
6.536	0.0385611
6.538	-0.0132886
6.54	0.041197
6.542	0.108953
6.544	0.0968425
6.546	0.0831152
6.548	0.109693
6.55	0.036143
6.552	-0.00415964
6.554	0.031123
6.556	0.0139876
6.558	0.00264128
6.56	0.00802141
6.562	0.0220547
6.564	0.05739
6.566	0.0506469
6.568	0.11486
6.57	0.0542585
6.572	-0.0347658
6.574	-0.0300334
6.576	-0.0426228
6.578	0.0256537
6.58	0.120095
6.582	0.0993671
6.584	0.085878
6.586	0.0787674
6.588	0.159454
6.59	0.00978679
6.592	-0.022099
6.594	-0.0521552
6.596	0.0810288
6.598	-0.0917229
6.6	0.0727293
6.602	-0.00839484
6.604	0.182645
6.606	0.0264829
6.608	0.131761
6.61	-0.0604264
6.612	0.0104157
6.614	0.0263843
6.616	0.0386608
6.618	-0.00529283
6.62	0.0485022
6.622	0.0669619
6.624	0.14737
6.626	0.095329
6.628	0.0489821
6.63	-0.029286
6.632	-0.0542324
6.634	-0.0470263
6.636	0.0866845
6.638	-0.126177
6.64	0.0526975
6.642	0.0671099
6.644	0.0968231
6.646	0.153554
6.648	0.116986
6.65	0.0617318
6.652	-0.0160634
6.654	0.0343918
6.656	0.018215
6.658	0.0372397
6.66	0.0561875
6.662	0.0177066
6.664	0.15121
6.666	0.0632707
6.668	0.0947813
6.67	-0.0815757
6.672	0.0383887
6.674	-0.0406076
6.676	-0.0850506
6.678	-0.0491442
6.68	0.0168623
6.682	0.0884756
6.684	0.125633
6.686	0.00477072
6.688	0.150149
6.69	0.0104914
6.692	-0.0124355
6.694	0.0108732
6.696	0.0482205
6.698	-0.0500324
6.7	0.091206
6.702	0.133088
6.704	0.0745013
6.706	0.0811076
6.708	0.0434325
6.71	-0.0463626
6.712	-0.00287489
6.714	-0.0725186
6.716	-0.148959
6.718	-0.0329015
6.72	0.0794918
6.722	0.0867228
6.724	0.170512
6.726	0.0587121
6.728	0.126364
6.73	0.0444801
6.732	0.0251781
6.734	-0.0552042
6.736	-0.0539018
6.738	-0.102872
6.74	0.0752311
6.742	0.0777038
6.744	0.144152
6.746	0.0651161
6.748	0.0876303
6.75	0.0558076
6.752	0.00129107
6.754	-0.00640911
6.756	-0.0340657
6.758	-0.0307146
6.76	0.0654455
6.762	0.0014656
6.764	0.106867
6.766	0.114426
6.768	0.073008
6.77	0.151908
6.772	-4.19058e-5
6.774	0.0863985
6.776	-0.0499371
6.778	-0.00211862
6.78	0.0899992
6.782	0.114828
6.784	0.132826
6.786	-0.00855599
6.788	0.21646
6.79	0.0371703
6.792	-0.0431041
6.794	-0.0837482
6.796	0.023408
6.798	-0.0242358
6.8	0.0909886
6.802	0.101046
6.804	0.135871
6.806	0.110505
6.808	0.136334
6.81	-0.00258879
6.812	0.100785
6.814	-0.026465
6.816	0.0207447
6.818	-0.0714102
6.82	0.0863158
6.822	0.0239538
6.824	0.182259
6.826	0.0470365
6.828	0.0729014
6.83	-0.022411
6.832	0.00405034
6.834	-0.104626
6.836	0.117817
6.838	-0.0663291
6.84	0.164742
6.842	0.00498955
6.844	0.152441
6.846	0.10867
6.848	0.088787
6.85	0.057397
6.852	-0.00373515
6.854	0.0226061
6.856	-0.0076771
6.858	-0.02322
6.86	0.0581622
6.862	0.0132857
6.864	0.134384
6.866	0.0500716
6.868	0.0936185
6.87	0.0275575
6.872	0.0119403
6.874	-0.04686
6.876	0.00235527
6.878	-0.0661752
6.88	0.0867426
6.882	0.0652247
6.884	0.13322
6.886	0.00366692
6.888	0.0812515
6.89	0.0311968
6.892	0.0230877
6.894	-0.0709202
6.896	-0.0173067
6.898	-0.0020504
6.9	0.0230979
6.902	0.0654254
6.904	0.144513
6.906	0.0036726
6.908	0.153905
6.91	0.024291
6.912	0.044789
6.914	-0.0591987
6.916	-0.0511364
6.918	0.00357483
6.92	-0.00526911
6.922	0.132869
6.924	0.0753443
6.926	0.146675
6.928	0.0723053
6.93	-0.037336
6.932	0.00226071
6.934	-0.0534142
6.936	-0.0135821
6.938	-0.0936241
6.94	0.0466025
6.942	0.02308
6.944	0.0520286
6.946	0.0628647
6.948	0.092013
6.95	0.0237735
6.952	-0.0945022
6.954	0.0184425
6.956	-0.0602531
6.958	0.0435503
6.96	-0.00660274
6.962	0.0163051
6.964	0.113882
6.966	0.106793
6.968	0.0541219
6.97	-0.018995
6.972	0.0624416
6.974	0.00203662
6.976	-0.00203546
6.978	0.00997907
6.98	0.0273106
6.982	0.0353578
6.984	0.152616
6.986	-0.00516604
6.988	0.0742671
6.99	0.061114
6.992	-0.0409823
6.994	-0.00153846
6.996	-0.0127844
6.998	-0.020646
7	0.0673861
7.002	0.04877
7.004	0.137141
7.006	0.0454071
7.008	0.0799725
7.01	-0.14698
7.012	-0.0099008
7.014	-0.0550754
7.016	-0.0906316
7.018	-0.0192636
7.02	0.0135084
7.022	0.11598
7.024	0.0690105
7.026	0.0957533
7.028	-0.0352938
7.03	-0.00245286
7.032	-0.0182819
7.034	-0.0293254
7.036	0.0172709
7.038	-0.0298687
7.04	0.0119299
7.042	0.032333
7.044	0.100109
7.046	0.0407949
7.048	0.16743
7.05	-0.0312673
7.052	-0.0242023
7.054	-0.0668303
7.056	-0.0772991
7.058	-0.130694
7.06	0.0408168
7.062	-0.037857
7.064	0.06714
7.066	0.0567757
7.068	0.100452
7.07	-0.0595986
7.072	-6.34804e-4
7.074	0.0430018
7.076	-0.0385339
7.078	-0.104294
7.08	0.110853
7.082	0.0616646
7.084	0.121023
7.086	0.0459971
7.088	0.0731863
7.09	0.0238328
7.092	-0.0626202
7.094	-0.0660365
7.096	-0.0249017
7.098	-0.00755131
7.1	-0.0170064
7.102	0.0819125
7.104	0.023622
7.106	0.079316
7.108	0.0640521
7.11	-0.038709
7.112	0.0164833
7.114	-0.0436501
7.116	-0.00542773
7.118	-0.0587489
7.12	0.0348925
7.122	0.0266956
7.124	0.0829595
7.126	0.0160105
7.128	0.0392159
7.13	-0.0660676
7.132	0.0118041
7.134	-0.14827
7.136	-0.133868
7.138	-0.186036
7.14	0.0615024
7.142	-0.00723467
7.144	0.147048
7.146	0.0754145
7.148	0.0384235
7.15	-0.0182425
7.152	-0.0522421
7.154	-0.0527875
7.156	-0.0541756
7.158	-0.0213388
7.16	0.0270082
7.162	-0.0422855
7.164	0.093866
7.166	0.0669492
7.168	-0.0294032
7.17	0.0117582
7.172	-0.0381668
7.174	-0.0447214
7.176	0.00736529
7.178	-0.0311384
7.18	0.0218376
7.182	0.0326774
7.184	0.107583
7.186	0.0277011
7.188	0.132114
7.19	0.0249974
7.192	-0.0435638
7.194	0.00337543
7.196	-0.0437878
7.198	-0.0455523
7.2	0.0402948
7.202	0.0627719
7.204	0.0713285
7.206	-0.0104694
7.208	0.0700862
7.21	-0.0143199
7.212	-0.0280249
7.214	-0.218699
7.216	-0.0647523
7.218	-0.121663
7.22	0.0344466
7.222	0.00724733
7.224	0.132647
7.226	0.0202781
7.228	0.0991874
7.23	0.0176148
7.232	-0.0186699
7.234	-0.0479738
7.236	0.0734234
7.238	0.00889803
7.24	0.017185
7.242	-0.0239506
7.244	0.0347446
7.246	0.0447414
7.248	0.0594232
7.25	-0.0681245
7.252	-0.0691411
7.254	-0.131692
7.256	-0.0831314
7.258	-0.0489472
7.26	0.060355
7.262	-0.0230563
7.264	0.180933
7.266	0.015965
7.268	0.0613419
7.27	0.00613127
7.272	0.107928
7.274	-0.0685735
7.276	-0.0293403
7.278	-0.0439586
7.28	0.093987
7.282	9.27781e-4
7.284	0.15348
7.286	-0.0443089
7.288	0.0441021
7.29	0.0502134
7.292	-0.0396604
7.294	-0.0728683
7.296	-0.0732074
7.298	-0.0855715
7.3	-0.00735109
7.302	0.0708743
7.304	0.0970268
7.306	0.149419
7.308	0.0413559
7.31	0.0618483
7.312	0.0652121
7.314	0.0114679
7.316	-0.0827181
7.318	-0.0641359
7.32	-0.0794914
7.322	0.0410023
7.324	0.0764182
7.326	0.060035
7.328	0.00179692
7.33	0.0629992
7.332	-0.0891565
7.334	-0.0490495
7.336	-0.0374982
7.338	-0.0762053
7.34	-0.0416145
7.342	0.0642025
7.344	0.0954299
7.346	0.126656
7.348	0.137895
7.35	0.00834198
7.352	-8.83061e-4
7.354	-0.0928402
7.356	-0.0987191
7.358	-0.155303
7.36	0.00188105
7.362	-0.0674461
7.364	0.133623
7.366	0.0264354
7.368	0.0202571
7.37	0.0157695
7.372	-0.0516502
7.374	-0.0582388
7.376	-0.0304694
7.378	-0.14987
7.38	0.0258701
7.382	0.0457932
7.384	0.0423481
7.386	0.00692022
7.388	0.101152
7.39	-7.73792e-4
7.392	-0.089533
7.394	-0.0108315
7.396	-0.0835896
7.398	-0.121237
7.4	-5.43992e-4
7.402	0.0830458
7.404	0.114103
7.406	0.0621497
7.408	0.0289954
7.41	-0.0608464
7.412	0.0627382
7.414	-0.0480565
7.416	-0.112081
7.418	-0.103262
7.42	0.102155
7.422	0.00539408
7.424	0.0848171
7.426	0.0722486
7.428	0.125512
7.43	0.0115637
7.432	-0.0360137
7.434	-0.0435553
7.436	0.036817
7.438	-0.0431643
7.44	0.00723522
7.442	0.0260446
7.444	0.060866
7.446	0.0536249
7.448	0.116523
7.45	-0.103255
7.452	0.0429509
7.454	-0.11446
7.456	0.0572535
7.458	-0.0630624
7.46	0.118002
7.462	-0.0450095
7.464	0.105005
7.466	0.0788806
7.468	0.0268062
7.47	-0.00246835
7.472	-0.0646343
7.474	-0.0828536
7.476	-0.0986668
7.478	-0.0966163
7.48	0.0369976
7.482	0.00407677
7.484	0.034108
7.486	0.00414343
7.488	0.0671193
7.49	-0.00817187
7.492	0.0184916
7.494	-0.0867492
7.496	-0.0812225
7.498	-0.0302376
7.5	0.00671267
7.502	-0.0463648
7.504	0.176685
7.506	0.00395153
7.508	0.0706205
7.51	-0.0229611
7.512	0.0508938
7.514	-0.115727
7.516	-0.0760525
7.518	-0.127341
7.52	0.0427406
7.522	-0.00281928
7.524	0.0910933
7.526	0.0149363
7.528	0.0744883
7.53	-0.010847
7.532	-0.0889731
7.534	-0.0555138
7.536	-0.0845257
7.538	-0.141048
7.54	0.0413603
7.542	0.0535147
7.544	0.132134
7.546	0.137701
7.548	0.0318921
7.55	0.0333858
7.552	-0.0442522
7.554	-0.00531064
7.556	-0.12907
7.558	-0.0420149
7.56	-0.0574294
7.562	-0.0125897
7.564	0.0964738
7.566	0.0320348
7.568	0.0321406
7.57	0.00435858
7.572	0.00477815
7.574	-0.0470519
7.576	-0.100217
7.578	-0.00463105
7.58	0.0477753
7.582	0.0239714
7.584	0.189822
7.586	-0.039129
7.588	0.150849
7.59	0.0246816
7.592	-0.014586
7.594	-0.0916578
7.596	-0.0381292
7.598	-0.114797
7.6	0.00610206
7.602	-0.0569305
7.604	0.0510274
7.606	-0.00488964
7.608	0.0956499
7.61	-0.00708233
7.612	0.0109659
7.614	-0.0714442
7.616	-0.0157165
7.618	-0.0490785
7.62	0.0562604
7.622	0.0219012
7.624	0.0903599
7.626	0.0686164
7.628	0.0249296
7.63	-0.0428692
7.632	0.00480187
7.634	-0.0571238
7.636	0.0496136
7.638	-0.0730559
7.64	0.0198814
7.642	0.0768679
7.644	0.0945246
7.646	0.0876645
7.648	0.0424013
7.65	1.35367e-4
7.652	0.0293589
7.654	-0.0725654
7.656	-0.0512714
7.658	-0.0445461
7.66	-0.0146157
7.662	-0.0253995
7.664	0.15139
7.666	0.0701407
7.668	0.0551245
7.67	0.0580612
7.672	-0.00340876
7.674	-0.173585
7.676	-0.0199703
7.678	-0.0766059
7.68	0.001826
7.682	0.0823004
7.684	0.139874
7.686	-0.0219708
7.688	0.116001
7.69	0.00625927
7.692	-0.0121783
7.694	-0.1435
7.696	-0.0488177
7.698	-0.0818866
7.7	-0.00976779
7.702	0.0892965
7.704	0.0505526
7.706	0.0306921
7.708	0.0294607
7.71	-0.0313442
7.712	-0.0153772
7.714	-0.117576
7.716	-0.126867
7.718	-0.140045
7.72	-0.0378339
7.722	0.0098597
7.724	0.0469503
7.726	0.0713702
7.728	0.0762272
7.73	0.00149859
7.732	-4.9762e-4
7.734	-0.0361614
7.736	-0.100064
7.738	-0.182168
7.74	-0.003914
7.742	-0.0504322
7.744	0.00678799
7.746	0.0109509
7.748	-0.01314
7.75	0.0465116
7.752	-0.0145217
7.754	-0.139723
7.756	-0.0418103
7.758	-0.132457
7.76	-0.11388
7.762	-0.0548867
7.764	0.0536792
7.766	0.134072
7.768	-0.0276485
7.77	-0.0361657
7.772	-0.0648922
7.774	-0.0809157
7.776	-0.107129
7.778	-0.00888016
7.78	-0.0223696
7.782	0.0880496
7.784	0.0402457
7.786	-0.0817831
7.788	0.031804
7.79	0.00243847
7.792	-0.084649
7.794	-0.113294
7.796	-0.0948756
7.798	-0.166817
7.8	0.00982203
7.802	0.0737611
7.804	0.0331874
7.806	0.0518926
7.808	0.121306
7.81	-0.0228418
7.812	-0.00411348
7.814	-0.0600964
7.816	-0.06374
7.818	-0.149347
7.82	0.00172121
7.822	-0.00971749
7.824	0.168101
7.826	0.00206785
7.828	0.113115
7.83	-0.038271
7.832	-0.0309739
7.834	-0.139387
7.836	-0.0040624
7.838	-0.119862
7.84	0.00392873
7.842	-0.00472006
7.844	0.0482503
7.846	0.0797886
7.848	0.020685
7.85	-0.00369723
7.852	-0.058494
7.854	-0.0875221
7.856	-0.13859
7.858	-0.0850754
7.86	-0.0361764
7.862	-0.0671639
7.864	0.0872928
7.866	0.0302885
7.868	0.053548
7.87	-0.0306563
7.872	-0.153442
7.874	-0.105488
7.876	-0.0484571
7.878	-0.0892403
7.88	0.030578
7.882	0.044288
7.884	0.0637947
7.886	-0.00891531
7.888	0.0650927
7.89	0.0573004
7.892	0.0237045
7.894	-0.0814377
7.896	-0.0199222
7.898	-0.0729679
7.9	0.0486762
7.902	-0.0344394
7.904	0.121567
7.906	0.0399815
7.908	0.0328283
7.91	-0.0385881
7.912	-0.0387998
7.914	-0.0932955
7.916	-0.102057
7.918	-0.143046
7.92	-0.011894
7.922	-0.060317
7.924	0.05863
7.926	0.0299529
7.928	0.137878
7.93	0.0231162
7.932	0.00809366
7.934	-0.0842799
7.936	-0.0976667
7.938	-0.190887
7.94	-0.0277178
7.942	-0.0194065
7.944	0.0910101
7.946	0.128468
7.948	-0.0458781
7.95	-0.00419372
7.952	-0.0827737
7.954	-0.132758
7.956	-0.175399
7.958	-0.12978
7.96	-0.063088
7.962	0.00348967
7.964	0.0834353
7.966	-0.0205947
7.968	0.117295
7.97	-0.0501567
7.972	-0.120209
7.974	-0.00739547
7.976	-0.0629533
7.978	-0.0501622
7.98	0.00249094
7.982	0.0348776
7.984	0.0338354
7.986	-0.0842408
7.988	0.0944485
7.99	-0.0308365
7.992	-0.0476328
7.994	-0.10612
7.996	-0.0520037
7.998	-0.0819983
8	-0.0747811
8.002	-0.0260278
8.004	0.104718
8.006	0.119505
8.008	0.00531525
8.01	-0.00632075
8.012	-2.51901e-5
8.014	-0.181503
8.016	-0.112423
8.018	-0.0680359
8.02	0.0078654
8.022	-0.0527406
8.024	0.0111554
8.026	0.0849144
8.028	0.0140376
8.03	-0.0311552
8.032	-0.100378
8.034	-0.0770232
8.036	-0.04066
8.038	-0.0468904
8.04	-0.00860242
8.042	0.0640109
8.044	0.0311149
8.046	0.115931
8.048	0.0582207
8.05	0.0146064
8.052	-0.0897595
8.054	-0.0812369
8.056	-0.0784023
8.058	-0.138509
8.06	-0.0909901
8.062	-0.0301201
8.064	0.0647299
8.066	-0.0861211
8.068	0.122396
8.07	0.036256
8.072	-0.0817791
8.074	-0.0294909
8.076	-0.0548824
8.078	-0.0765515
8.08	0.012782
8.082	0.0248771
8.084	0.0781806
8.086	0.0257314
8.088	0.0367006
8.09	0.0494985
8.092	-0.0575454
8.094	-0.0928492
8.096	-0.0471009
8.098	-0.066119
8.1	-0.0477057
8.102	-0.0269905
8.104	0.0233721
8.106	0.123885
8.108	0.106145
8.11	-0.0432409
8.112	-0.00615858
8.114	-0.0618244
8.116	-0.0792516
8.118	-0.0734076
8.12	0.0346821
8.122	-0.0183322
8.124	0.177029
8.126	0.0624926
8.128	0.14368
8.13	0.0369679
8.132	-0.023809
8.134	-0.121826
8.136	-0.0743041
8.138	-0.10878
8.14	-0.0130827
8.142	0.0178961
8.144	0.103729
8.146	0.0224001
8.148	0.014949
8.15	0.0163044
8.152	-0.100844
8.154	0.00979658
8.156	-0.0384287
8.158	-0.0741683
8.16	-0.0349522
8.162	-0.0378022
8.164	0.116692
8.166	0.0685906
8.168	0.0953221
8.17	0.0166728
8.172	-0.0965855
8.174	-0.0509068
8.176	-0.0916034
8.178	-0.0511119
8.18	0.0285123
8.182	0.0168947
8.184	-0.0176144
8.186	0.0273108
8.188	0.114465
8.19	0.0790604
8.192	-0.084088
8.194	-0.0760749
8.196	-0.070936
8.198	-0.1076
8.2	0.0156043
8.202	0.0104399
8.204	0.136366
8.206	0.0664857
8.208	0.0354302
8.21	-0.0763286
8.212	0.0203632
8.214	-0.108453
8.216	-0.0882747
8.218	-0.100837
8.22	-0.0500539
8.222	-4.77022e-4
8.224	0.0524902
8.226	0.075804
8.228	0.00677855
8.23	-0.0258001
8.232	-0.0105264
8.234	-0.0755969
8.236	-0.0330626
8.238	-0.0405548
8.24	0.0464666
8.242	0.0243229
8.244	0.0529324
8.246	0.0662785
8.248	0.033947
8.25	0.0267927
8.252	-0.0704057
8.254	-0.018086
8.256	-0.109258
8.258	-0.0537649
8.26	-0.0199232
8.262	-0.0955658
8.264	0.0896998
8.266	0.0619263
8.268	0.0939066
8.27	0.0178827
8.272	0.00805663
8.274	-0.0415105
8.276	-0.0636766
8.278	-0.0990447
8.28	0.0564612
8.282	0.0728348
8.284	0.0644729
8.286	-0.0280331
8.288	0.0869952
8.29	-0.0507703
8.292	-0.0289344
8.294	-0.112469
8.296	-0.0260669
8.298	-0.0350988
8.3	0.00105898
8.302	-0.0304688
8.304	0.0782425
8.306	0.00816146
8.308	0.0986909
8.31	0.0572616
8.312	0.0396482
8.314	-0.0439363
8.316	-0.0400288
8.318	-0.0302826
8.32	-0.0168229
8.322	0.0589982
8.324	0.0264437
8.326	0.0116898
8.328	0.0954683
8.33	0.0449173
8.332	-0.0651976
8.334	0.0399343
8.336	-0.0318777
8.338	-0.0427028
8.34	-0.0209887
8.342	0.0690955
8.344	0.0971095
8.346	0.029873
8.348	0.0266139
8.35	-0.0389534
8.352	-0.0540235
8.354	-0.0927127
8.356	-0.0501552
8.358	-0.0666814
8.36	-0.00734185
8.362	0.0748206
8.364	0.0615889
8.366	0.103949
8.368	0.00848467
8.37	-0.0626285
8.372	-0.022171
8.374	-0.113763
8.376	-0.0538332
8.378	-0.115455
8.38	0.00957301
8.382	0.0715036
8.384	0.0276257
8.386	0.0201858
8.388	0.158583
8.39	0.103447
8.392	-0.0585982
8.394	-0.0533069
8.396	-0.0745699
8.398	0.0371698
8.4	0.0116942
8.402	0.140148
8.404	0.0920145
8.406	0.0611387
8.408	0.0984786
8.41	0.0515286
8.412	0.00941594
8.414	-0.0264098
8.416	-0.0237205
8.418	-0.00219452
8.42	-0.145502
8.422	0.0497787
8.424	0.0944668
8.426	0.0996205
8.428	-0.0039738
8.43	0.0741256
8.432	-0.0499943
8.434	-0.0248233
8.436	0.101506
8.438	0.0616637
8.44	0.0365186
8.442	0.0502293
8.444	0.111285
8.446	0.0898989
8.448	0.0562797
8.45	0.0463364
8.452	-0.0611261
8.454	-0.0378462
8.456	-0.0638079
8.458	-0.0757442
8.46	0.0146966
8.462	0.0457827
8.464	0.178746
8.466	0.0166173
8.468	0.0658237
8.47	0.053298
8.472	-0.066899
8.474	-0.0492394
8.476	-0.0647522
8.478	-0.0823467
8.48	-0.0529219
8.482	0.00772699
8.484	0.0758521
8.486	0.00242988
8.488	0.0674447
8.49	0.120587
8.492	-0.0488932
8.494	-0.0216907
8.496	-0.0206401
8.498	-0.0568282
8.5	-0.00170761
8.502	0.0931616
8.504	0.11694
8.506	0.0148061
8.508	0.0852912
8.51	0.027242
8.512	-0.0949747
8.514	-0.0419773
8.516	0.0443909
8.518	-0.0782448
8.52	-0.0548974
8.522	0.0914611
8.524	0.171854
8.526	0.00761295
8.528	0.0673824
8.53	0.0747543
8.532	-0.0778342
8.534	-0.0595497
8.536	0.00970598
8.538	-0.0424331
8.54	0.0226077
8.542	0.02668
8.544	0.17457
8.546	0.11237
8.548	0.0593385
8.55	-0.0115624
8.552	-0.0688971
8.554	-0.0143112
8.556	-0.0719616
8.558	0.0143708
8.56	-0.0826804
8.562	-0.0223815
8.564	0.0338095
8.566	0.113284
8.568	0.020222
8.57	-0.0354999
8.572	-0.05389
8.574	-0.0513887
8.576	-0.039497
8.578	-0.0304422
8.58	0.0912082
8.582	0.0981017
8.584	0.170073
8.586	0.062249
8.588	0.111367
8.59	0.0685954
8.592	-0.0593685
8.594	-0.0554729
8.596	-0.117871
8.598	-0.0234089
8.6	-0.0753065
8.602	0.0669941
8.604	0.0729424
8.606	0.029434
8.608	0.0779561
8.61	-0.116638
8.612	-0.0159586
8.614	-0.0695494
8.616	-0.0588007
8.618	0.0921803
8.62	0.0466186
8.622	0.199302
8.624	0.0113326
8.626	0.0939454
8.628	0.0226021
8.63	0.128483
8.632	-0.0599407
8.634	0.0296996
8.636	-0.0199768
8.638	-0.0604522
8.64	-0.0346497
8.642	0.0725138
8.644	0.111093
8.646	0.0595856
8.648	0.0481443
8.65	0.009603
8.652	0.0221567
8.654	-0.0118426
8.656	-0.0136369
8.658	0.0161165
8.66	-0.0186441
8.662	0.0682404
8.664	0.0931846
8.666	0.113248
8.668	0.0166073
8.67	-0.0388969
8.672	-0.0227539
8.674	-0.0213276
8.676	-0.0350835
8.678	0.0221159
8.68	-1.61568e-4
8.682	0.0457888
8.684	0.0531181
8.686	0.0223891
8.688	0.137598
8.69	-0.0546848
8.692	0.0711713
8.694	-0.0670663
8.696	0.0106659
8.698	0.0148554
8.7	-0.00303721
8.702	0.119956
8.704	0.0918754
8.706	0.0862242
8.708	0.0880483
8.71	0.0445429
8.712	0.0176716
8.714	-0.0304586
8.716	-0.0726157
8.718	0.0170739
8.72	0.0360068
8.722	0.146842
8.724	0.117874
8.726	0.146025
8.728	0.0938747
8.73	0.0731453
8.732	-0.0106562
8.734	-0.07056
8.736	-0.127236
8.738	-0.100044
8.74	0.0228623
8.742	0.0882597
8.744	0.148583
8.746	0.0644459
8.748	0.0142021
8.75	0.037366
8.752	-0.0580036
8.754	-0.0189494
8.756	-0.032114
8.758	-0.0624362
8.76	0.026765
8.762	0.0644859
8.764	0.15008
8.766	0.0325713
8.768	0.103214
8.77	0.00978028
8.772	-0.0568092
8.774	-0.0896639
8.776	-0.0344914
8.778	-0.0217985
8.78	0.0506559
8.782	0.0917213
8.784	0.114628
8.786	0.0348842
8.788	0.116237
8.79	0.0605559
8.792	-0.00726989
8.794	-0.103652
8.796	-0.0595395
8.798	-0.00677208
8.8	-0.0531251
8.802	0.108234
8.804	0.0833297
8.806	0.139489
8.808	-0.00257439
8.81	0.0942504
8.812	-0.0190982
8.814	-0.0218614
8.816	-0.0110765
8.818	0.00243249
8.82	0.0475776
8.822	0.103617
8.824	0.081001
8.826	0.209036
8.828	0.0687922
8.83	0.0729121
8.832	-0.0495468
8.834	-0.125606
8.836	0.0489522
8.838	-0.0189266
8.84	0.025114
8.842	0.126114
8.844	0.0981678
8.846	0.0481033
8.848	0.126531
8.85	0.0712947
8.852	-0.0758267
8.854	-0.0183954
8.856	-0.0465046
8.858	0.107004
8.86	0.0537641
8.862	0.0232432
8.864	0.135865
8.866	0.136412
8.868	0.027237
8.87	0.0464969
8.872	-0.107245
8.874	-0.0625516
8.876	-0.098695
8.878	-0.00684317
8.88	7.80252e-4
8.882	0.089304
8.884	0.0839542
8.886	-0.0167244
8.888	0.0958426
8.89	0.0592556
8.892	0.00238308
8.894	0.0490672
8.896	-0.0706345
8.898	-0.0321655
8.9	-0.0271159
8.902	0.100927
8.904	0.12012
8.906	0.0509438
8.908	0.0522709
8.91	-0.0762857
8.912	-0.10924
8.914	-0.100406
8.916	0.00131257
8.918	-0.175675
8.92	0.0122193
8.922	0.0388542
8.924	0.103117
8.926	0.00216613
8.928	0.0898235
8.93	-0.00168809
8.932	-0.0567182
8.934	-0.0216666
8.936	-0.125038
8.938	-0.111618
8.94	-0.0025629
8.942	0.0827471
8.944	0.0446913
8.946	0.0310004
8.948	-0.0646144
8.95	-0.0470632
8.952	-0.109208
8.954	-0.0834585
8.956	-0.104489
8.958	0.0158734
8.96	-0.027667
8.962	0.00786929
8.964	0.0783998
8.966	0.120156
8.968	0.0163629
8.97	-0.0260196
8.972	-0.0978119
8.974	-0.105821
8.976	0.00695919
8.978	-0.0445113
8.98	0.0625405
8.982	0.0912075
8.984	0.0722863
8.986	0.0343407
8.988	-6.93619e-4
8.99	0.0534959
8.992	-0.054641
8.994	-0.0878365
8.996	-0.173152
8.998	-0.0115612
9	0.0330643
9.002	0.104729
9.004	0.0919886
9.006	0.0555008
9.008	0.0183148
9.01	0.0449402
9.012	0.0238744
9.014	-0.160207
9.016	-0.0996972
9.018	0.00528573
9.02	0.0045557
9.022	0.190826
9.024	0.0991399
9.026	0.079747
9.028	0.0242938
9.03	0.0133319
9.032	-0.0259639
9.034	-0.0312292
9.036	0.0223258
9.038	0.0140451
9.04	-0.0197985
9.042	0.125409
9.044	0.0781001
9.046	0.142045
9.048	0.0216089
9.05	0.0563276
9.052	0.020858
9.054	-0.122299
9.056	-0.00728257
9.058	0.00368827
9.06	0.058118
9.062	0.0248131
9.064	0.117141
9.066	0.05208
9.068	0.00734926
9.07	-0.0292465
9.072	-0.0567042
9.074	-0.0459882
9.076	0.0126485
9.078	-0.00315734
9.08	-0.0105986
9.082	0.170036
9.084	0.171087
9.086	0.0999444
9.088	0.0325949
9.09	0.0425135
9.092	2.37664e-4
9.094	-0.0324221
9.096	-0.0512182
9.098	0.0148601
9.1	0.0256832
9.102	0.106203
9.104	0.0770004
9.106	0.125623
9.108	-0.0138734
9.11	0.0980814
9.112	-0.0801013
9.114	-0.103666
9.116	-0.0932832
9.118	0.0315436
9.12	0.0349875
9.122	0.0838419
9.124	0.138292
9.126	0.114087
9.128	0.073686
9.13	0.0385631
9.132	-0.0171303
9.134	-0.0212931
9.136	-0.14102
9.138	-0.0875877
9.14	-3.75057e-4
9.142	0.0638874
9.144	0.159223
9.146	0.0642134
9.148	0.00129041
9.15	0.0524182
9.152	-0.0274992
9.154	-0.0793206
9.156	-0.0341691
9.158	0.00919207
9.16	0.0638429
9.162	0.0670174
9.164	0.193211
9.166	0.127591
9.168	0.0117825
9.17	0.0842869
9.172	-0.0158646
9.174	-0.0460653
9.176	-0.0452223
9.178	0.0158882
9.18	0.0187682
9.182	0.110353
9.184	0.0930859
9.186	0.0774922
9.188	0.129991
9.19	0.0378807
9.192	-0.0609786
9.194	-0.05155
9.196	-0.0481571
9.198	0.032502
9.2	0.0521828
9.202	0.059046
9.204	0.110203
9.206	0.121794
9.208	0.0428062
9.21	0.00445964
9.212	-0.0060749
9.214	0.042653
9.216	-0.0671286
9.218	-0.00716398
9.22	0.0487107
9.222	0.0171688
9.224	0.196033
9.226	0.132737
9.228	0.0497628
9.23	0.00319643
9.232	-0.0186772
9.234	-0.110201
9.236	0.0781367
9.238	0.0466707
9.24	0.0911656
9.242	0.17807
9.244	0.0947741
9.246	0.131387
9.248	0.118686
9.25	0.107106
9.252	0.0226018
9.254	-0.0644161
9.256	0.00219688
9.258	0.0522097
9.26	0.029187
9.262	-0.00421087
9.264	0.130846
9.266	0.0786695
9.268	0.0676742
9.27	0.0629767
9.272	-0.0933684
9.274	-0.0697188
9.276	0.0316453
9.278	0.0342609
9.28	-0.0130288
9.282	0.173809
9.284	0.111405
9.286	0.112204
9.288	0.046837
9.29	0.0491398
9.292	0.00822322
9.294	-0.130992
9.296	-0.0738543
9.298	-0.0864566
9.3	0.0563625
9.302	0.0987041
9.304	0.162818
9.306	-0.0437555
9.308	0.0547199
9.31	-0.0585976
9.312	-0.0206146
9.314	-0.0554412
9.316	-0.0521083
9.318	-0.011126
9.32	0.0678124
9.322	0.14439
9.324	0.0956148
9.326	0.10265
9.328	0.0156217
9.33	0.0502904
9.332	-0.0707205
9.334	-0.0810714
9.336	-0.0637266
9.338	-0.0406076
9.34	0.0470237
9.342	0.0655775
9.344	0.0274735
9.346	0.0889267
9.348	0.00388057
9.35	0.0465403
9.352	-0.0130474
9.354	-0.0615234
9.356	0.010215
9.358	0.00127744
9.36	-0.0205601
9.362	-0.00900673
9.364	0.213033
9.366	0.0596737
9.368	0.110083
9.37	-0.065478
9.372	-0.0370651
9.374	-0.126079
9.376	-0.0187312
9.378	0.0146244
9.38	0.0665422
9.382	0.0325036
9.384	0.146632
9.386	0.0359005
9.388	0.142312
9.39	0.00420627
9.392	0.0185212
9.394	-0.0909662
9.396	0.0345959
9.398	0.0106731
9.4	0.0719194
9.402	0.114963
9.404	0.148408
9.406	0.0918674
9.408	0.0608841
9.41	-0.0831416
9.412	0.088527
9.414	-0.0681311
9.416	-0.127353
9.418	0.00793021
9.42	-0.0139697
9.422	0.0959371
9.424	0.147647
9.426	0.0617701
9.428	0.104656
9.43	0.032184
9.432	0.031792
9.434	-0.120826
9.436	-0.00620395
9.438	0.0583021
9.44	0.0659727
9.442	0.0866667
9.444	0.171172
9.446	0.0869837
9.448	0.0861729
9.45	-0.0245078
9.452	-0.0916167
9.454	-0.124474
9.456	-0.0236402
9.458	-0.0950555
9.46	0.0489201
9.462	0.0691677
9.464	0.205316
9.466	0.0958822
9.468	0.0935804
9.47	0.0156462
9.472	-0.0258384
9.474	-0.0263128
9.476	-0.0352124
9.478	0.0193359
9.48	0.0939366
9.482	0.166565
9.484	0.129421
9.486	0.023858
9.488	0.0935796
9.49	0.0333596
9.492	-0.105416
9.494	-0.11272
9.496	-0.0768897
9.498	-0.0459783
9.5	0.0184293
9.502	0.0880819
9.504	0.139097
9.506	0.0928054
9.508	0.0811377
9.51	0.0590723
9.512	-0.0397618
9.514	-0.0207438
9.516	-0.0382925
9.518	-0.0472434
9.52	0.036329
9.522	0.0266775
9.524	0.137974
9.526	0.0860807
9.528	0.109783
9.53	-0.0576452
9.532	-0.039651
9.534	-0.195219
9.536	-0.0580848
9.538	-0.124342
9.54	0.0243681
9.542	0.0617962
9.544	0.229417
9.546	0.0931365
9.548	0.15109
9.55	0.061039
9.552	0.021402
9.554	-0.0587006
9.556	-0.0737985
9.558	-0.0072094
9.56	0.00214254
9.562	0.0435825
9.564	0.0878396
9.566	0.0564019
9.568	0.020272
9.57	-0.0083872
9.572	-0.0395761
9.574	-0.100845
9.576	-0.102772
9.578	-0.0839065
9.58	0.0673201
9.582	0.0551627
9.584	0.101617
9.586	-0.0220919
9.588	0.166107
9.59	0.0561197
9.592	0.0204074
9.594	-0.0128687
9.596	-0.0400088
9.598	-0.058679
9.6	0.061138
9.602	0.0471596
9.604	0.198429
9.606	-0.0144591
9.608	0.209871
9.61	-0.0287986
9.612	0.012551
9.614	-0.0871892
9.616	0.0027508
9.618	-0.0808464
9.62	0.0470717
9.622	0.166506
9.624	0.0945277
9.626	0.11353
9.628	0.0954127
9.63	0.0796716
9.632	-0.0695698
9.634	-0.107697
9.636	0.0335097
9.638	-0.0436637
9.64	-0.00299325
9.642	0.037557
9.644	0.108241
9.646	0.0866736
9.648	0.0228211
9.65	0.0314406
9.652	-0.0951091
9.654	-0.0437206
9.656	-0.0996222
9.658	-0.0550593
9.66	0.0248733
9.662	0.107998
9.664	0.128398
9.666	0.157544
9.668	0.225703
9.67	-0.0610562
9.672	-0.00628023
9.674	-0.0543117
9.676	-0.0548312
9.678	-0.0720425
9.68	0.034987
9.682	0.0463134
9.684	0.127927
9.686	0.0698297
9.688	0.119845
9.69	-0.0209721
9.692	0.0178414
9.694	-0.0876222
9.696	0.0131117
9.698	-0.0479869
9.7	0.0557365
9.702	0.0936491
9.704	0.0848755
9.706	0.0373253
9.708	0.112011
9.71	-0.0800616
9.712	-0.0406382
9.714	-0.119272
9.716	-0.0795089
9.718	-0.139081
9.72	0.0274477
9.722	0.113672
9.724	0.180442
9.726	0.0847708
9.728	0.157898
9.73	0.00203781
9.732	-0.0420467
9.734	-0.0736758
9.736	-0.0384986
9.738	-0.0155849
9.74	0.115302
9.742	0.0821673
9.744	0.128615
9.746	0.172213
9.748	0.22605
9.75	0.0225473
9.752	-0.065311
9.754	-0.0474917
9.756	-0.0861657
9.758	-0.0994909
9.76	0.00595484
9.762	-0.00247207
9.764	0.160608
9.766	0.00377865
9.768	0.152323
9.77	-0.132075
9.772	-0.0686979
9.774	-0.00893222
9.776	-0.0236302
9.778	-0.0331659
9.78	0.0787022
9.782	0.120359
9.784	0.135356
9.786	0.0687595
9.788	0.243441
9.79	0.0238811
9.792	-0.0442922
9.794	-0.0561952
9.796	-0.109177
9.798	-0.122593
9.8	0.00157819
9.802	0.0496126
9.804	0.084739
9.806	0.0366591
9.808	0.0800261
9.81	-0.0884805
9.812	0.0833299
9.814	-0.135549
9.816	-0.0787261
9.818	-0.0827075
9.82	0.0868902
9.822	0.086401
9.824	0.229552
9.826	0.0180996
9.828	0.183232
9.83	-0.0675193
9.832	-0.0229446
9.834	-0.0512574
9.836	0.0532909
9.838	-0.13575
9.84	0.0993035
9.842	0.0210692
9.844	0.14692
9.846	0.0823632
9.848	0.0880807
9.85	-0.0849285
9.852	-0.0381821
9.854	-0.0839622
9.856	3.33022e-4
9.858	0.00906734
9.86	0.0568205
9.862	0.031212
9.864	0.168891
9.866	0.16952
9.868	0.105251
9.87	-0.0798609
9.872	-0.0706905
9.874	0.0316885
9.876	-0.0501257
9.878	-0.039407
9.88	0.0431408
9.882	0.0829618
9.884	0.0195976
9.886	-0.0129413
9.888	0.10173
9.89	-0.00380093
9.892	-0.0675768
9.894	-0.0647236
9.896	-0.094738
9.898	-0.0322946
9.9	0.0844336
9.902	0.0867277
9.904	0.170337
9.906	0.0410371
9.908	0.139729
9.91	-0.109667
9.912	-0.1078
9.914	-0.0972419
9.916	-0.0193657
9.918	-0.161295
9.92	0.0298575
9.922	0.056796
9.924	0.0940121
9.926	0.0667567
9.928	0.10469
9.93	0.0934319
9.932	-0.00329879
9.934	-0.0557237
9.936	-0.0280831
9.938	-0.166562
9.94	0.0973393
9.942	0.0643669
9.944	0.0655063
9.946	0.033886
9.948	0.0390076
9.95	-0.074646
9.952	0.0463819
9.954	-0.0823658
9.956	-0.0504674
9.958	-0.133505
9.96	0.0283919
9.962	-0.0444322
9.964	0.102848
9.966	0.0542915
9.968	0.0656392
9.97	-0.086523
9.972	-0.0412546
9.974	-0.0700237
9.976	-0.0612358
9.978	-0.0762555
9.98	0.119393
9.982	0.0280594
9.984	0.20543
9.986	-0.0124202
9.988	0.0327049
9.99	-0.0445543
9.992	-0.0257615
9.994	-0.0677968
9.996	-0.0683595
9.998	-0.110947
10	-0.0186907
10.002	0.132151
10.004	0.149132
10.006	0.0344988
10.008	0.148189
10.01	-0.0210545
10.012	0.0385314
10.014	-0.119929
10.016	-0.043212
10.018	-0.0659799
10.02	0.0531262
10.022	0.155401
10.024	0.0646118
10.026	0.166165
10.028	0.0582951
10.03	-0.0244506
10.032	-0.0683967
10.034	-0.0731709
10.036	8.9475e-4
10.038	0.00742365
10.04	0.0730341
10.042	0.108972
10.044	0.0897572
10.046	0.0681356
10.048	0.131184
10.05	-0.101603
10.052	0.00421363
10.054	-0.00162608
10.056	-0.0646369
10.058	-0.0836294
10.06	0.103025
10.062	0.04815
10.064	0.12646
10.066	-0.0182478
10.068	0.107583
10.07	-0.0375431
10.072	-0.0475652
10.074	-0.100402
10.076	-0.0611611
10.078	-0.0773476
10.08	0.0746896
10.082	-1.24648e-4
10.084	0.0628519
10.086	-0.0252685
10.088	0.148783
10.09	-0.039545
10.092	-0.0273905
10.094	-0.0281484
10.096	-0.0318773
10.098	-0.0767479
10.1	0.0728072
10.102	0.13109
10.104	0.00657822
10.106	0.117445
10.108	0.0458008
10.11	-0.0255782
10.112	-0.0790227
10.114	-0.0753167
10.116	-0.107929
10.118	-0.0930383
10.12	0.00727702
10.122	0.0977831
10.124	0.0318891
10.126	0.0420913
10.128	0.0994653
10.13	-0.0623159
10.132	-0.0356505
10.134	0.0365621
10.136	-0.0421949
10.138	-0.109848
10.14	0.0521402
10.142	0.00645315
10.144	0.0515691
10.146	0.016236
10.148	0.127149
10.15	-0.125163
10.152	0.00813323
10.154	-0.101042
10.156	-0.0351596
10.158	-0.121491
10.16	0.0186036
10.162	-0.0114005
10.164	0.162215
10.166	0.154092
10.168	0.0904
10.17	-0.0488543
10.172	-0.0651449
10.174	-0.0257717
10.176	-0.0438043
10.178	-0.0511922
10.18	0.0727937
10.182	0.0692796
10.184	0.0850861
10.186	0.00257554
10.188	0.148949
10.19	-0.0950827
10.192	-0.0575205
10.194	-0.0927026
10.196	-0.0902493
10.198	-0.0440835
10.2	0.0387817
10.202	0.0256445
10.204	0.111694
10.206	0.0653884
10.208	0.0947355
10.21	-0.0546779
10.212	-0.0604201
10.214	-0.0969114
10.216	0.0133519
10.218	-0.0818658
10.22	0.121164
10.222	-0.0302475
10.224	0.0295411
10.226	-0.0150995
10.228	0.0415778
10.23	-0.0629072
10.232	-0.0462932
10.234	-0.0357067
10.236	-0.0113539
10.238	-0.0340021
10.24	0.129861
10.242	0.0927175
10.244	0.203258
10.246	0.109144
10.248	0.0738479
10.25	-0.067961
10.252	-6.23591e-4
10.254	-0.00844347
10.256	-0.0414986
10.258	0.0129749
10.26	-9.99702e-4
10.262	-0.0373463
10.264	0.0370467
10.266	0.0752648
10.268	-0.11511
10.27	-0.0852658
10.272	-0.0323449
10.274	-0.0854567
10.276	-0.0878259
10.278	-0.107806
10.28	0.0756271
10.282	0.0117415
10.284	0.0953794
10.286	0.0158635
10.288	0.11281
10.29	-0.0775474
10.292	-0.0800612
10.294	-0.0454566
10.296	-0.0479306
10.298	-0.101819
10.3	0.00907689
10.302	0.072949
10.304	0.0228677
10.306	0.0698508
10.308	0.0837055
10.31	-0.0699473
10.312	-0.137083
10.314	-0.0847177
10.316	-0.13533
10.318	-0.037622
10.32	0.0623467
10.322	0.0774269
10.324	0.107501
10.326	0.145867
10.328	0.00379918
10.33	-0.0221727
10.332	-0.00221316
10.334	0.00400363
10.336	-0.0979772
10.338	-0.0139079
10.34	0.0541517
10.342	0.0422787
10.344	-0.021632
10.346	0.0413798
10.348	0.0802058
10.35	-0.0497277
10.352	-0.0994813
10.354	-0.0454791
10.356	-0.0173535
10.358	0.0196151
10.36	0.0131948
10.362	0.00826786
10.364	0.0571073
10.366	0.0615892
10.368	0.0527648
10.37	-0.0703344
10.372	-0.097792
10.374	-0.111809
10.376	-0.0443729
10.378	-0.0800112
10.38	-0.00512012
10.382	0.0172334
10.384	0.0822019
10.386	-0.0449947
10.388	0.153214
10.39	-0.0265081
10.392	0.00386112
10.394	-0.0911457
10.396	-0.0696985
10.398	-0.0264788
10.4	0.018372
10.402	0.0285787
10.404	0.0720106
10.406	0.11944
10.408	-0.0358155
10.41	-0.130586
10.412	-0.0550962
10.414	-0.0881417
10.416	-0.125489
10.418	-0.0430673
10.42	0.039532
10.422	0.0159668
10.424	0.0883842
10.426	0.11752
10.428	0.0274819
10.43	-0.0333118
10.432	-0.0407541
10.434	-0.0183503
10.436	0.116487
10.438	-0.0128637
10.44	0.0169548
10.442	0.140598
10.444	0.140297
10.446	7.59065e-4
10.448	0.0320909
10.45	-0.0576636
10.452	-0.0918498
10.454	-0.0659264
10.456	0.0609635
10.458	0.00359447
10.46	0.0892291
10.462	-0.0227555
10.464	0.0673492
10.466	0.0112303
10.468	0.0273651
10.47	-0.0608156
10.472	-0.0700373
10.474	-0.0447039
10.476	0.0215227
10.478	-0.0744723
10.48	0.0491151
10.482	0.053624
10.484	0.0902145
10.486	-0.0461617
10.488	0.0195889
10.49	-0.110555
10.492	-0.102261
10.494	-0.118264
10.496	-0.0891582
10.498	-0.0812494
10.5	0.0201026
10.502	0.0684773
10.504	-0.00204746
10.506	0.0957316
10.508	-0.0210878
10.51	-0.0135051
10.512	-0.0423344
10.514	-0.0516221
10.516	-0.0741443
10.518	-0.00456528
10.52	0.153838
10.522	0.079778
10.524	0.076986
10.526	0.0630812
10.528	-0.0168873
10.53	-0.0905468
10.532	-0.081687
10.534	-0.0725949
10.536	-0.0649316
10.538	-0.124843
10.54	0.0425499
10.542	0.0197095
10.544	0.0526131
10.546	-0.00102398
10.548	-0.0140454
10.55	-0.0656674
10.552	-0.0402838
10.554	-0.089267
10.556	-0.0652049
10.558	0.0544671
10.56	-0.0219243
10.562	-0.0379722
10.564	0.0618122
10.566	0.057923
10.568	0.0429025
10.57	0.0160148
10.572	-0.116819
10.574	-0.0977282
10.576	-0.0199992
10.578	0.0332302
10.58	0.0177687
10.582	0.00736831
10.584	0.0739904
10.586	-0.0336488
10.588	0.0703359
10.59	-0.0555892
10.592	-0.0310395
10.594	-0.133921
10.596	-0.0326077
10.598	0.0494719
10.6	0.0630363
10.602	0.0174075
10.604	0.101608
10.606	0.0445989
10.608	0.00105272
10.61	-0.0827752
10.612	-0.0160425
10.614	-0.0774883
10.616	-0.00688651
10.618	-0.00308446
10.62	0.0632939
10.622	-0.0846722
10.624	0.0145662
10.626	0.0573555
10.628	0.0684638
10.63	-0.0407717
10.632	0.0232468
10.634	-0.0626211
10.636	0.0499518
10.638	0.0236557
10.64	0.0290243
10.642	0.0649323
10.644	0.0601814
10.646	0.0394145
10.648	-0.0563956
10.65	-0.0427881
10.652	-0.083116
10.654	-0.107179
10.656	-0.162964
10.658	0.00589282
10.66	0.0327951
10.662	-0.0358961
10.664	0.150253
10.666	0.0891091
10.668	0.0199664
10.67	-0.0756443
10.672	-0.0776576
10.674	-0.0577399
10.676	-0.0137602
10.678	-0.0204774
10.68	0.0878497
10.682	0.0579544
10.684	0.0240698
10.686	-0.0332723
10.688	-0.0135648
10.69	-0.0733337
10.692	-0.0549992
10.694	-0.185715
10.696	0.00407345
10.698	0.0422142
10.7	0.0188081
10.702	-0.0245787
10.704	0.0733758
10.706	0.130228
10.708	0.00554817
10.71	-0.0346895
10.712	-0.0396611
10.714	-0.131727
10.716	-0.0309851
10.718	-0.015767
10.72	0.00675506
10.722	0.0153799
10.724	0.0982544
10.726	0.0786522
10.728	-0.0566005
10.73	-0.0936494
10.732	-0.0501238
10.734	-0.0918999
10.736	-0.0648413
10.738	-0.0524481
10.74	0.0212833
10.742	0.11613
10.744	0.018011
10.746	0.119481
10.748	0.0530005
10.75	0.0457925
10.752	-0.0266055
10.754	-0.0815806
10.756	-0.0307763
10.758	-0.0300158
10.76	0.0518661
10.762	0.0877971
10.764	0.0450775
10.766	0.0750131
10.768	0.0120885
10.77	-0.0179927
10.772	-0.0779599
10.774	-0.0879781
10.776	-0.0702202
10.778	-0.0616413
10.78	5.47474e-4
10.782	0.0639192
10.784	0.0167586
10.786	0.00977174
10.788	0.108416
10.79	0.0315989
10.792	-0.0334899
10.794	-0.0283649
10.796	-0.0692721
10.798	-0.0293507
10.8	-0.0134864
10.802	0.00571248
10.804	0.0309691
10.806	0.0291098
10.808	-0.0136687
10.81	-0.0723114
10.812	-0.00463815
10.814	-0.0718345
10.816	-0.0379666
10.818	-0.0669378
10.82	0.0577181
10.822	0.0415362
10.824	0.166959
10.826	0.0385358
10.828	0.109665
10.83	-0.0520661
10.832	0.00291672
10.834	-0.0570408
10.836	0.0951099
10.838	0.0680274
10.84	0.0725342
10.842	0.0484953
10.844	0.084414
10.846	0.0501259
10.848	0.0156334
10.85	-0.0588469
10.852	-0.035409
10.854	-0.0615654
10.856	0.0544731
10.858	-9.93833e-4
10.86	0.103965
10.862	0.0523145
10.864	0.119606
10.866	0.0745365
10.868	-0.031606
10.87	-0.0598841
10.872	-0.0899442
10.874	-0.0590618
10.876	-0.0530021
10.878	0.100739
10.88	-0.0117492
10.882	0.0609163
10.884	0.0339878
10.886	-0.0280564
10.888	0.011596
10.89	0.0427219
10.892	-0.110373
10.894	-0.0542931
10.896	-0.0502102
10.898	-0.0621044
10.9	0.00348142
10.902	-0.00525605
10.904	0.0940872
10.906	0.0876615
10.908	-0.00449244
10.91	-0.00525757
10.912	-0.0313388
10.914	-0.106539
10.916	-0.0513866
10.918	-0.0776094
10.92	0.089774
10.922	-0.00927297
10.924	0.0808643
10.926	0.0129292
10.928	-1.64759e-4
10.93	-0.0716848
10.932	-0.0822995
10.934	-0.0590131
10.936	-0.0818542
10.938	-0.075497
10.94	0.0931802
10.942	0.037251
10.944	0.10968
10.946	0.0425046
10.948	-0.0120016
10.95	-0.021511
10.952	-0.0917121
10.954	7.70106e-5
10.956	-0.0440884
10.958	0.0164653
10.96	-0.0523935
10.962	-0.0483114
10.964	0.0419845
10.966	0.0806964
10.968	0.00150797
10.97	-0.0648247
10.972	-0.0304196
10.974	-0.051362
10.976	-0.0665067
10.978	0.0139705
10.98	0.0809107
10.982	0.0994045
10.984	0.132552
10.986	0.00299642
10.988	0.118296
10.99	0.0294766
10.992	-0.0582382
10.994	-0.110541
10.996	-0.00914254
10.998	-0.0175492
11	0.0213163
11.002	-0.0506277
11.004	0.108981
11.006	-0.0176344
11.008	0.0448015
11.01	-0.0952819
11.012	0.0357287
11.014	-0.13258
11.016	-0.0295333
11.018	0.0501111
11.02	0.0724868
11.022	0.105059
11.024	0.0504974
11.026	0.0178463
11.028	0.0895682
11.03	-0.0624383
11.032	-0.0898165
11.034	-0.156009
11.036	-0.0586007
11.038	0.0110362
11.04	0.0688888
11.042	0.0241441
11.044	0.0441408
11.046	0.0655363
11.048	0.0131432
11.05	-0.0800427
11.052	-0.114666
11.054	-0.109079
11.056	-0.0138018
11.058	0.0377096
11.06	0.0962063
11.062	-0.00293104
11.064	0.113777
11.066	0.031075
11.068	0.0608956
11.07	-0.120292
11.072	-0.0180126
11.074	-0.166939
11.076	-0.048772
11.078	-0.0401143
11.08	0.0310811
11.082	0.0250107
11.084	0.0599338
11.086	-0.0405661
11.088	0.0459461
11.09	-0.00183168
11.092	-0.0585622
11.094	-0.168837
11.096	0.0083564
11.098	0.0419661
11.1	0.10951
11.102	0.0407081
11.104	0.0960928
11.106	-0.0494681
11.108	-0.029064
11.11	0.00180343
11.112	0.0122065
11.114	-0.133338
11.116	-0.0330105
11.118	0.0821434
11.12	-0.0404507
11.122	0.0690579
11.124	0.129768
11.126	0.129143
11.128	0.08954
11.13	0.0109334
11.132	-0.0517638
11.134	-0.106826
11.136	-0.0369393
11.138	-0.0320427
11.14	0.0591586
11.142	0.0851258
11.144	0.104126
11.146	0.102492
11.148	0.10063
11.15	-0.0836824
11.152	-0.0304114
11.154	-0.0940071
11.156	-0.0213339
11.158	0.0406293
11.16	0.0798928
11.162	0.0151677
11.164	0.183374
11.166	0.0482597
11.168	0.0236163
11.17	0.0818243
11.172	-0.0188129
11.174	-0.0616708
11.176	-0.0263163
11.178	0.337642
11.18	-0.659502
11.182	-0.331493
11.184	-0.328866
11.186	-0.363258
11.188	-0.211202
11.19	-0.322007
11.192	-0.38412
11.194	-0.300741
11.196	-0.295152
11.198	-0.263358
11.2	-0.264378
11.202	-0.175446
11.204	-0.139658
11.206	-0.180771
11.208	-0.255639
11.21	-0.389576
11.212	-0.329055
11.214	-0.443501
11.216	-0.362961
11.218	-0.317631
11.22	-0.358215
11.222	-0.259825
11.224	-0.199048
11.226	-0.297611
11.228	-0.272609
11.23	-0.347463
11.232	-0.35888
11.234	-0.383292
11.236	-0.136741
11.238	-0.33151
11.24	-0.254224
11.242	-0.232193
11.244	-0.0892192
11.246	-0.281107
11.248	-0.186714
11.25	-0.381216
11.252	-0.303397
11.254	-0.302433
11.256	-0.278073
11.258	-0.203946
11.26	-0.168118
11.262	-0.198206
11.264	-0.0724908
11.266	-0.163917
11.268	-0.286322
11.27	-0.249275
11.272	-0.352798
11.274	-0.296913
11.276	-0.262015
11.278	-0.125492
11.28	-0.100444
11.282	-0.121977
11.284	-0.0798523
11.286	-0.232747
11.288	-0.116648
11.29	-0.21732
11.292	-0.207732
11.294	-0.230509
11.296	-0.175069
11.298	-0.126482
11.3	-0.119742
11.302	-0.143481
11.304	-0.0246512
11.306	-0.137004
11.308	-0.15063
11.31	-0.246357
11.312	-0.261559
11.314	-0.29011
11.316	-0.170559
11.318	-0.178428
11.32	-0.0972394
11.322	-0.172649
11.324	-0.0858724
11.326	-0.138942
11.328	-0.283261
11.33	-0.104635
11.332	-0.240461
11.334	-0.351073
11.336	-0.276542
11.338	-0.252959
11.34	-0.223996
11.342	-0.248918
11.344	-0.16036
11.346	-0.259451
11.348	-0.188376
11.35	-0.358216
11.352	-0.245657
11.354	-0.325913
11.356	-0.278186
11.358	-0.178857
11.36	-0.257634
11.362	-0.246005
11.364	-0.181898
11.366	-0.126339
11.368	-0.206401
11.37	-0.282119
11.372	-0.232137
11.374	-0.304414
11.376	-0.149758
11.378	-0.144978
11.38	-0.240877
11.382	-0.191448
11.384	-0.0486897
11.386	-0.249018
11.388	-0.124845
11.39	-0.289024
11.392	-0.250925
11.394	-0.384415
11.396	-0.193504
11.398	-0.224841
