0	-1.11551
0.002	-0.955034
0.004	-1.04943
0.006	-0.959843
0.008	-1.0114
0.01	-1.06838
0.012	-1.0206
0.014	-1.03875
0.016	-1.00808
0.018	-1.01112
0.02	-0.997425
0.022	-0.987786
0.024	-0.919251
0.026	-1.10753
0.028	-0.865328
0.03	-1.11546
0.032	-0.99021
0.034	-0.995202
0.036	-0.906231
0.038	-1.07773
0.04	-0.919167
0.042	-1.07635
0.044	-1.02535
0.046	-1.06915
0.048	-1.05756
0.05	-1.03842
0.052	-0.959576
0.054	-1.02389
0.056	-1.04687
0.058	-1.09691
0.06	-0.993811
0.062	-1.01613
0.064	-1.01727
0.066	-1.11564
0.068	-1.09013
0.07	-1.03663
0.072	-1.00702
0.074	-0.994083
0.076	-1.11827
0.078	-1.08981
0.08	-1.00783
0.082	-1.00711
0.084	-1.02607
0.086	-1.07115
0.088	-1.01722
0.09	-1.08865
0.092	-1.09191
0.094	-0.994303
0.096	-1.14807
0.098	-1.08941
0.1	-0.978941
0.102	-1.05074
0.104	-0.975939
0.106	-0.927901
0.108	-0.990734
0.11	-1.04691
0.112	-1.03258
0.114	-0.952633
0.116	-1.03447
0.118	-1.06907
0.12	-0.875905
0.122	-0.94326
0.124	-0.940973
0.126	-1.01958
0.128	-1.00732
0.13	-0.999173
0.132	-0.965697
0.134	-1.01011
0.136	-1.06269
0.138	-0.991465
0.14	-0.912542
0.142	-0.968659
0.144	-1.052
0.146	-1.07661
0.148	-1.00431
0.15	-1.02911
0.152	-0.878747
0.154	-1.09521
0.156	-1.00598
0.158	-0.95917
0.16	-1.11618
0.162	-1.25144
0.164	-0.983456
0.166	-1.03876
0.168	-1.03073
0.17	-1.06663
0.172	-0.923662
0.174	-1.13897
0.176	-0.94385
0.178	-12.8087
0.18	14.5164
0.182	13.4084
0.184	13.39
0.186	13.2151
0.188	13.3504
0.19	13.3409
0.192	13.3271
0.194	13.3924
0.196	13.3936
0.198	13.6151
0.2	13.7048
0.202	13.6224
0.204	13.7056
0.206	13.7003
0.208	13.7131
0.21	13.5329
0.212	14.0299
0.214	13.9513
0.216	13.8864
0.218	13.9852
0.22	14.0303
0.222	13.9937
0.224	14.1109
0.226	14.1481
0.228	13.8742
0.23	14.0661
0.232	14.3508
0.234	14.3263
0.236	14.3367
0.238	14.4017
0.24	14.6295
0.242	14.3995
0.244	14.5471
0.246	14.421
0.248	14.5092
0.25	14.7693
0.252	14.6753
0.254	14.5612
0.256	14.7172
0.258	14.9573
0.26	14.8564
0.262	14.8292
0.264	15.077
0.266	14.9563
0.268	15.1468
0.27	15.3108
0.272	15.2215
0.274	15.3164
0.276	15.4062
0.278	15.2909
0.28	15.2607
0.282	15.5293
0.284	15.548
0.286	15.5236
0.288	15.6618
0.29	15.5475
0.292	15.5884
0.294	15.6985
0.296	15.9175
0.298	15.7323
0.3	15.9617
0.302	15.9645
0.304	16.1871
0.306	16.0255
0.308	16.1393
0.31	16.3096
0.312	16.42
0.314	16.2469
0.316	16.3743
0.318	16.4631
0.32	16.552
0.322	16.5557
0.324	16.6077
0.326	16.812
0.328	16.7113
0.33	16.6861
0.332	16.7258
0.334	16.7691
0.336	16.658
0.338	16.9746
0.34	17.0519
0.342	17.2402
0.344	17.2688
0.346	17.402
0.348	17.3925
0.35	17.2935
0.352	17.6779
0.354	17.476
0.356	17.9672
0.358	17.642
0.36	17.7603
0.362	17.7256
0.364	18.1046
0.366	18.0208
0.368	18.0812
0.37	18.2047
0.372	18.1346
0.374	18.4931
0.376	18.4872
0.378	18.4908
0.38	18.7306
0.382	18.6669
0.384	18.7702
0.386	18.8272
0.388	19.1575
0.39	19.0416
0.392	19.0127
0.394	19.1963
0.396	19.3926
0.398	19.208
0.4	19.2792
0.402	19.3675
0.404	19.7233
0.406	20.0062
0.408	19.7964
0.41	19.8149
0.412	19.8866
0.414	19.9713
0.416	20.0887
0.418	20.0935
0.42	20.194
0.422	20.2511
0.424	20.3473
0.426	20.6194
0.428	20.7614
0.43	20.695
0.432	20.7746
0.434	21.0886
0.436	21.1677
0.438	21.0941
0.44	21.3424
0.442	21.2022
0.444	21.369
0.446	21.5499
0.448	21.6544
0.45	21.6441
0.452	21.6144
0.454	21.7939
0.456	21.7228
0.458	22.1827
0.46	22.3174
0.462	22.3588
0.464	22.6154
0.466	22.708
0.468	22.5758
0.47	22.7297
0.472	22.84
0.474	22.958
0.476	22.9004
0.478	23.0814
0.48	23.388
0.482	23.0583
0.484	23.414
0.486	23.337
0.488	23.6428
0.49	23.7437
0.492	23.8846
0.494	23.7862
0.496	23.9796
0.498	24.3417
0.5	24.4697
0.502	24.4679
0.504	24.6578
0.506	24.6675
0.508	24.6042
0.51	24.7835
0.512	25.071
0.514	25.2546
0.516	25.3097
0.518	25.6091
0.52	25.5645
0.522	25.4616
0.524	25.7764
0.526	25.8452
0.528	25.9619
0.53	25.9615
0.532	26.0499
0.534	26
0.536	26.2253
0.538	26.3563
0.54	26.6402
0.542	26.3573
0.544	26.8006
0.546	26.8626
0.548	27.0104
0.55	26.9265
0.552	27.3115
0.554	27.0594
0.556	27.5794
0.558	27.5123
0.56	27.6178
0.562	27.8955
0.564	28.049
0.566	28.4191
0.568	28.4794
0.57	28.3459
0.572	28.5867
0.574	28.5705
0.576	28.7875
0.578	28.864
0.58	28.9381
0.582	29.3699
0.584	29.3513
0.586	29.16
0.588	29.3771
0.59	29.6411
0.592	29.5813
0.594	29.7407
0.596	29.8007
0.598	30.1252
0.6	30.0187
0.602	30.1334
0.604	30.5417
0.606	30.7756
0.608	30.6465
0.61	30.6824
0.612	31.2269
0.614	30.9758
0.616	31.2738
0.618	31.2561
0.62	31.0147
0.622	31.4681
0.624	31.4146
0.626	31.8359
0.628	31.7432
0.63	31.716
0.632	31.8778
0.634	31.8471
0.636	32.1862
0.638	32.5495
0.64	32.5289
0.642	32.631
0.644	32.8912
0.646	32.9767
0.648	33.0637
0.65	33.0712
0.652	33.4117
0.654	33.1552
0.656	33.4193
0.658	33.7474
0.66	33.8743
0.662	33.6701
0.664	34.0083
0.666	34.1889
0.668	34.0777
0.67	34.3117
0.672	34.5038
0.674	34.4696
0.676	34.3937
0.678	34.4395
0.68	34.7547
0.682	35.0399
0.684	35.161
0.686	35.2184
0.688	35.4456
0.69	35.6549
0.692	35.6918
0.694	35.6183
0.696	35.9338
0.698	35.9623
0.7	35.924
0.702	36.0583
0.704	36.5992
0.706	36.7147
0.708	36.5052
0.71	36.7672
0.712	37.2116
0.714	37.3906
0.716	37.3461
0.718	37.4572
0.72	37.5914
0.722	37.4244
0.724	37.8326
0.726	37.9145
0.728	37.9359
0.73	38.2875
0.732	38.5765
0.734	38.3471
0.736	38.7752
0.738	38.9746
0.74	39.0625
0.742	38.9898
0.744	39.0586
0.746	39.6327
0.748	39.3523
0.75	39.3259
0.752	39.8267
0.754	40.0393
0.756	40.0057
0.758	40.1561
0.76	40.3187
0.762	40.5147
0.764	40.965
0.766	40.6206
0.768	40.7298
0.77	40.9297
0.772	41.0746
0.774	41.1871
0.776	41.1498
0.778	41.4762
0.78	41.902
0.782	42.2836
0.784	42.3497
0.786	42.3822
0.788	42.5075
0.79	42.5457
0.792	42.517
0.794	42.6661
0.796	42.9309
0.798	42.7397
0.8	43.1335
0.802	43.3686
0.804	43.3701
0.806	43.755
0.808	44.1386
0.81	44.2762
0.812	44.023
0.814	44.1442
0.816	44.4111
0.818	44.8694
0.82	44.4906
0.822	44.6012
0.824	44.5186
0.826	44.9451
0.828	45.3156
0.83	44.9808
0.832	45.3145
0.834	45.7437
0.836	45.7132
0.838	45.9036
0.84	46.2217
0.842	46.472
0.844	46.1971
0.846	47.0658
0.848	46.8284
0.85	46.7257
0.852	46.7142
0.854	46.7708
0.856	47.0757
0.858	47.2594
0.86	47.1953
0.862	47.7203
0.864	47.8296
0.866	47.8118
0.868	48.0578
0.87	48.2523
0.872	48.3479
0.874	48.3366
0.876	48.1767
0.878	48.6215
0.88	49.0252
0.882	48.8146
0.884	48.9837
0.886	48.8916
0.888	49.1317
0.89	49.3545
0.892	49.6261
0.894	49.7222
0.896	49.9007
0.898	49.8056
0.9	49.787
0.902	50.1305
0.904	50.2515
0.906	50.6666
0.908	50.5966
0.91	50.8112
0.912	50.8866
0.914	51.1137
0.916	51.0387
0.918	50.8626
0.92	51.1727
0.922	51.1621
0.924	51.3944
0.926	51.6066
0.928	51.6906
0.93	51.8437
0.932	52.1866
0.934	52.2512
0.936	52.5968
0.938	52.5571
0.94	52.5701
0.942	53.0395
0.944	52.6982
0.946	53.3272
0.948	53.0853
0.95	53.4274
0.952	53.313
0.954	53.3294
0.956	53.5775
0.958	53.6568
0.96	53.5326
0.962	53.811
0.964	54.292
0.966	54.3521
0.968	54.2727
0.97	54.7031
0.972	54.7594
0.974	54.8455
0.976	54.7186
0.978	55.1563
0.98	55.055
0.982	55.2707
0.984	55.2926
0.986	55.5103
0.988	55.6324
0.99	55.4823
0.992	55.9212
0.994	55.6799
0.996	56.0919
0.998	56.4834
1	56.028
1.002	56.6952
1.004	56.6702
1.006	56.8934
1.008	56.5085
1.01	56.9376
1.012	57.5325
1.014	57.3222
1.016	57.7246
1.018	57.7204
1.02	57.6175
1.022	57.9848
1.024	58.0539
1.026	57.6415
1.028	58.5222
1.03	58.828
1.032	58.4838
1.034	58.7151
1.036	59.1256
1.038	59.1622
1.04	59.3825
1.042	59.3598
1.044	59.3052
1.046	59.6632
1.048	59.8775
1.05	59.76
1.052	59.9649
1.054	59.9615
1.056	60.0222
1.058	59.891
1.06	60.4311
1.062	60.5688
1.064	60.9794
1.066	60.6801
1.068	61.1295
1.07	60.7177
1.072	60.6034
1.074	60.9708
1.076	61.4533
1.078	61.4567
1.08	61.702
1.082	61.9152
1.084	61.8205
1.086	62.1214
1.088	62.2419
1.09	62.5871
1.092	62.5235
1.094	62.4095
1.096	62.3708
1.098	62.8971
1.1	63.1458
1.102	63.6499
1.104	63.3869
1.106	63.3066
1.108	63.0922
1.11	63.2103
1.112	64.0202
1.114	63.6582
1.116	64.1536
1.118	64.0821
1.12	64.0416
1.122	64.2221
1.124	64.2753
1.126	64.4461
1.128	64.7629
1.13	64.5633
1.132	64.6557
1.134	64.5639
1.136	65.3072
1.138	65.3953
1.14	65.3497
1.142	65.4227
1.144	65.7537
1.146	65.5935
1.148	66.3712
1.15	66.4988
1.152	66.8867
1.154	66.3084
1.156	66.5392
1.158	66.4444
1.16	66.2918
1.162	66.8591
1.164	67.0517
1.166	67.1502
1.168	66.9893
1.17	67.3783
1.172	67.4799
1.174	67.3787
1.176	67.5606
1.178	68.308
1.18	68.1757
1.182	68.4822
1.184	68.5568
1.186	68.2338
1.188	69.0238
1.19	68.6596
1.192	68.7946
1.194	69.2295
1.196	69.2249
1.198	69.6963
1.2	69.609
1.202	69.9284
1.204	70.2075
1.206	70.2366
1.208	70.264
1.21	70.2271
1.212	70.2212
1.214	70.29
1.216	70.0436
1.218	70.3671
1.22	70.5213
1.222	70.3993
1.224	70.5127
1.226	70.9446
1.228	70.6511
1.23	71.2234
1.232	71.5118
1.234	71.3699
1.236	71.3073
1.238	71.7876
1.24	71.7642
1.242	72.1507
1.244	70.9525
1.246	71.871
1.248	72.1257
1.25	72.2256
1.252	72.5552
1.254	72.2638
1.256	72.6125
1.258	72.8917
1.26	73.1799
1.262	73.3797
1.264	73.2131
1.266	73.5543
1.268	73.0637
1.27	73.9541
1.272	74.4628
1.274	73.9672
1.276	74.1662
1.278	74.6791
1.28	74.5644
1.282	74.6728
1.284	74.5366
1.286	74.8115
1.288	75.0475
1.29	75.1689
1.292	74.6125
1.294	75.3888
1.296	75.3681
1.298	75.7923
1.3	76.0679
1.302	76.3953
1.304	76.2082
1.306	76.7352
1.308	76.3311
1.31	76.4032
1.312	76.8309
1.314	76.6423
1.316	76.597
1.318	76.5013
1.32	76.9112
1.322	77.3698
1.324	76.7357
1.326	77.5245
1.328	77.259
1.33	77.1208
1.332	77.1731
1.334	77.8866
1.336	77.7051
1.338	78.0297
1.34	78.1276
1.342	78.0346
1.344	78.2346
1.346	78.5574
1.348	78.4562
1.35	78.5791
1.352	78.4158
1.354	78.8892
1.356	78.9144
1.358	79.461
1.36	79.4733
1.362	79.406
1.364	79.9518
1.366	79.904
1.368	79.8461
1.37	79.9389
1.372	79.7285
1.374	79.9522
1.376	79.9949
1.378	80.9371
1.38	80.2502
1.382	80.5064
1.384	80.5785
1.386	80.6851
1.388	80.9689
1.39	81.3224
1.392	80.9489
1.394	80.9024
1.396	81.3639
1.398	81.6015
1.4	81.9678
1.402	81.7953
1.404	82.294
1.406	82.4922
1.408	82.004
1.41	82.3281
1.412	82.6414
1.414	82.2909
1.416	82.3915
1.418	82.6332
1.42	82.7719
1.422	83.2386
1.424	83.2359
1.426	82.941
1.428	83.2597
1.43	83.5206
1.432	83.4492
1.434	84.1544
1.436	83.3234
1.438	83.9829
1.44	84.324
1.442	84.6157
1.444	84.0746
1.446	85.0614
1.448	84.6162
1.45	84.8993
1.452	84.9762
1.454	84.6073
1.456	84.4585
1.458	84.7381
1.46	84.4978
1.462	85.1766
1.464	85.3167
1.466	85.786
1.468	85.5314
1.47	85.796
1.472	85.8365
1.474	86.2717
1.476	86.3794
1.478	86.2604
1.48	86.2786
1.482	86.6042
1.484	86.3415
1.486	86.4587
1.488	86.3606
1.49	86.9574
1.492	86.7226
1.494	86.7748
1.496	86.2283
1.498	87.1441
1.5	86.7711
1.502	87.2224
1.504	87.2724
1.506	87.7581
1.508	87.5462
1.51	87.5075
1.512	87.5976
1.514	87.9496
1.516	88.3866
1.518	88.3683
1.52	88.4257
1.522	88.3032
1.524	88.8767
1.526	88.8156
1.528	88.8875
1.53	88.9268
1.532	89.256
1.534	89.3982
1.536	89.0791
1.538	88.985
1.54	89.9859
1.542	89.4373
1.544	89.5103
1.546	89.5759
1.548	90.0392
1.55	90.2626
1.552	90.248
1.554	90.0758
1.556	90.1445
1.558	89.981
1.56	90.4728
1.562	90.3726
1.564	89.9642
1.566	90.9933
1.568	90.9889
1.57	90.9878
1.572	91.5835
1.574	91.0048
1.576	91.4405
1.578	91.0559
1.58	91.2897
1.582	91.9547
1.584	91.6117
1.586	91.3784
1.588	91.9053
1.59	92.0921
1.592	91.8984
1.594	92.0636
1.596	92.3293
1.598	92.6754
1.6	92.4144
1.602	92.5891
1.604	92.8761
1.606	92.747
1.608	92.6086
1.61	92.7861
1.612	93.2949
1.614	93.497
1.616	93.9382
1.618	94.0225
1.62	93.8243
1.622	93.7315
1.624	94.0583
1.626	94.533
1.628	93.999
1.63	93.8828
1.632	94.6756
1.634	94.9646
1.636	95.0452
1.638	95.1513
1.64	95.0808
1.642	95.8381
1.644	95.5777
1.646	95.7691
1.648	95.4948
1.65	95.4107
1.652	95.2952
1.654	96.0552
1.656	95.357
1.658	96.4398
1.66	96.3369
1.662	96.2712
1.664	96.194
1.666	96.2687
1.668	96.466
1.67	96.1456
1.672	96.278
1.674	96.426
1.676	96.2999
1.678	96.4603
1.68	97.2341
1.682	97.114
1.684	97.0786
1.686	97.423
1.688	97.5308
1.69	97.2506
1.692	97.6139
1.694	97.419
1.696	98.2429
1.698	97.8872
1.7	97.5622
1.702	97.9512
1.704	97.8787
1.706	99.0297
1.708	98.4922
1.71	98.9823
1.712	98.6395
1.714	98.4402
1.716	98.3861
1.718	98.683
1.72	98.9268
1.722	98.7975
1.724	99.2465
1.726	99.2767
1.728	99.6997
1.73	99.3689
1.732	99.9699
1.734	99.7205
1.736	99.8335
1.738	99.9965
1.74	100.046
1.742	99.8807
1.744	100.523
1.746	100.506
1.748	100.619
1.75	101.042
1.752	100.443
1.754	100.748
1.756	100.798
1.758	100.636
1.76	100.957
1.762	100.733
1.764	101.42
1.766	101.42
1.768	100.947
1.77	101.198
1.772	101.883
1.774	102.062
1.776	101.897
1.778	102.594
1.78	102.32
1.782	102.586
1.784	102.118
1.786	101.933
1.788	102.559
1.79	102.041
1.792	102.348
1.794	102.451
1.796	103.072
1.798	102.698
1.8	102.463
1.802	102.674
1.804	102.952
1.806	102.708
1.808	102.895
1.81	103.208
1.812	104.01
1.814	103.975
1.816	104.127
1.818	104.546
1.82	104.013
1.822	104.253
1.824	104.461
1.826	104.542
1.828	104.634
1.83	104.396
1.832	104.443
1.834	104.865
1.836	104.866
1.838	104.588
1.84	104.644
1.842	104.841
1.844	104.712
1.846	104.697
1.848	105.192
1.85	105.531
1.852	105.493
1.854	105.363
1.856	105.479
1.858	105.738
1.86	105.681
1.862	105.995
1.864	106.45
1.866	106.563
1.868	105.908
1.87	106.534
1.872	106.264
1.874	106.387
1.876	106.702
1.878	106.482
1.88	106.975
1.882	106.162
1.884	106.718
1.886	107.129
1.888	107.07
1.89	107.718
1.892	106.533
1.894	107.278
1.896	107.822
1.898	108.218
1.9	107.89
1.902	108.271
1.904	107.872
1.906	108.156
1.908	108.431
1.91	108.661
1.912	108.976
1.914	108.013
1.916	108.346
1.918	108.954
1.92	108.211
1.922	108.25
1.924	108.973
1.926	109.516
1.928	109.089
1.93	108.865
1.932	108.949
1.934	109.782
1.936	109.656
1.938	109.674
1.94	110.164
1.942	110.572
1.944	110.019
1.946	110.023
1.948	110.26
1.95	110.518
1.952	109.842
1.954	110.832
1.956	110.503
1.958	110.416
1.96	110.286
1.962	110.317
1.964	110.716
1.966	111.095
1.968	110.748
1.97	110.952
1.972	110.918
1.974	111.503
1.976	110.754
1.978	111.774
1.98	111.49
1.982	111.251
1.984	110.929
1.986	111.694
1.988	111.891
1.99	112.306
1.992	111.387
1.994	112.538
1.996	112.052
1.998	112.356
2	112.349
2.002	112.808
2.004	112.608
2.006	113.427
2.008	113.82
2.01	112.535
2.012	113.353
2.014	114.202
2.016	113.469
2.018	113.432
2.02	113.459
2.022	113.254
2.024	113.745
2.026	113.735
2.028	113.923
2.03	113.576
2.032	113.973
2.034	114.007
2.036	113.915
2.038	114.505
2.04	114.463
2.042	114.575
2.044	114.327
2.046	114.646
2.048	114.607
2.05	114.536
2.052	114.917
2.054	114.696
2.056	114.619
2.058	114.989
2.06	115.53
2.062	115.143
2.064	114.455
2.066	115.075
2.068	115.308
2.07	115.361
2.072	115.402
2.074	115.676
2.076	115.782
2.078	116.159
2.08	115.727
2.082	115.851
2.084	115.873
2.086	116.51
2.088	116.208
2.09	116.453
2.092	116.491
2.094	116.546
2.096	116.555
2.098	117.196
2.1	116.657
2.102	117.231
2.104	117.226
2.106	116.574
2.108	116.971
2.11	116.583
2.112	116.814
2.114	116.967
2.116	117.658
2.118	117.672
2.12	117.525
2.122	117.674
2.124	118.504
2.126	117.729
2.128	118.277
2.13	118.693
2.132	117.978
2.134	118.021
2.136	118.073
2.138	117.484
2.14	118.606
2.142	118.431
2.144	118.585
2.146	118.406
2.148	118.983
2.15	118.865
2.152	119.429
2.154	119.275
2.156	119.123
2.158	119.152
2.16	119.492
2.162	119.836
2.164	120.056
2.166	120.049
2.168	119.557
2.17	119.669
2.172	120.31
2.174	120.166
2.176	120.261
2.178	120.193
2.18	120.432
2.182	120.29
2.184	120.999
2.186	120.43
2.188	121.3
2.19	120.814
2.192	121.104
2.194	120.335
2.196	120.941
2.198	120.812
2.2	120.864
2.202	120.256
2.204	121.855
2.206	121.23
2.208	120.945
2.21	121.066
2.212	120.922
2.214	120.889
2.216	122.068
2.218	121.939
2.22	122.076
2.222	122.018
2.224	121.921
2.226	122.378
2.228	122.099
2.23	122.078
2.232	122.472
2.234	122.182
2.236	122.503
2.238	122.766
2.24	122.869
2.242	122.927
2.244	122.603
2.246	122.497
2.248	122.342
2.25	122.361
2.252	122.688
2.254	122.885
2.256	122.832
2.258	122.815
2.26	122.75
2.262	123.121
2.264	123.577
2.266	122.683
2.268	123.196
2.27	123.562
2.272	123.67
2.274	123.268
2.276	123.174
2.278	123.568
2.28	124.098
2.282	124.291
2.284	123.845
2.286	124.178
2.288	124.217
2.29	124.219
2.292	123.887
2.294	124.569
2.296	124.224
2.298	123.842
2.3	124.272
2.302	124.539
2.304	124.734
2.306	124.826
2.308	125.013
2.31	124.898
2.312	124.851
2.314	125.036
2.316	124.677
2.318	124.401
2.32	124.112
2.322	125.541
2.324	125.239
2.326	125.592
2.328	125.476
2.33	125.759
2.332	125.727
2.334	125.74
2.336	125.711
2.338	125.906
2.34	126.201
2.342	125.855
2.344	126.839
2.346	126.548
2.348	126.048
2.35	126.721
2.352	126.326
2.354	126.452
2.356	126.286
2.358	126.322
2.36	127.461
2.362	126.428
2.364	126.86
2.366	126.248
2.368	126.681
2.37	127.334
2.372	127.299
2.374	127.576
2.376	127.261
2.378	127.442
2.38	127.16
2.382	127.377
2.384	127.635
2.386	127.629
2.388	127.865
2.39	128.168
2.392	127.868
2.394	128.545
2.396	127.911
2.398	128.479
2.4	128.6
2.402	127.965
2.404	128.289
2.406	128.463
2.408	127.762
2.41	128.617
2.412	128.399
2.414	128.654
2.416	129.023
2.418	129.295
2.42	128.821
2.422	129.322
2.424	129.743
2.426	128.957
2.428	129.397
2.43	129.252
2.432	129.817
2.434	130.296
2.436	130.321
2.438	130.136
2.44	130.289
2.442	129.203
2.444	129.651
2.446	129.67
2.448	129.223
2.45	129.364
2.452	129.904
2.454	129.867
2.456	130.599
2.458	130.468
2.46	130.586
2.462	130.084
2.464	130.496
2.466	130.365
2.468	130.303
2.47	130.512
2.472	130.653
2.474	131.345
2.476	129.992
2.478	131.5
2.48	130.742
2.482	131.021
2.484	130.796
2.486	130.924
2.488	131.446
2.49	131.015
2.492	131.963
2.494	131.46
2.496	131.696
2.498	131.786
2.5	131.419
2.502	131.597
2.504	132.143
2.506	131.754
2.508	132.356
2.51	132.015
2.512	132.59
2.514	132.356
2.516	132.529
2.518	132.694
2.52	132.865
2.522	132.492
2.524	132.352
2.526	132.442
2.528	132.445
2.53	132.554
2.532	132.222
2.534	133.091
2.536	132.752
2.538	132.83
2.54	133.165
2.542	132.664
2.544	133.04
2.546	133.926
2.548	133.196
2.55	133.39
2.552	133.219
2.554	133.757
2.556	133.493
2.558	133.362
2.56	133.078
2.562	133.643
2.564	133.898
2.566	133.744
2.568	134.039
2.57	134.686
2.572	134.679
2.574	133.944
2.576	133.956
2.578	134.507
2.58	133.841
2.582	134.252
2.584	134.659
2.586	134.988
2.588	134.023
2.59	134.325
2.592	134.3
2.594	134.572
2.596	135.293
2.598	135.487
2.6	135.289
2.602	134.923
2.604	135.401
2.606	135.31
2.608	135.609
2.61	134.939
2.612	135.448
2.614	135.726
2.616	135.208
2.618	135.217
2.62	136.229
2.622	135.945
2.624	135.999
2.626	135.761
2.628	135.023
2.63	135.635
2.632	135.233
2.634	136.03
2.636	136.107
2.638	135.992
2.64	136.019
2.642	136.214
2.644	135.799
2.646	137.066
2.648	137.136
2.65	137.262
2.652	136.558
2.654	136.356
2.656	136.823
2.658	136.771
2.66	137.15
2.662	137.222
2.664	137.212
2.666	137.563
2.668	137.596
2.67	137.432
2.672	137.807
2.674	137.371
2.676	137.745
2.678	137.376
2.68	137.03
2.682	137.301
2.684	137.29
2.686	137.814
2.688	137.678
2.69	138.097
2.692	137.841
2.694	138.174
2.696	138.016
2.698	137.96
2.7	138.926
2.702	138.379
2.704	137.944
2.706	138.506
2.708	138.642
2.71	138.389
2.712	137.687
2.714	138.282
2.716	138.967
2.718	139.458
2.72	138.523
2.722	138.328
2.724	139.193
2.726	139.227
2.728	138.516
2.73	138.529
2.732	138.203
2.734	138.56
2.736	139.551
2.738	139.363
2.74	139.803
2.742	139.103
2.744	139.5
2.746	139.791
2.748	140.123
2.75	139.926
2.752	140.132
2.754	139.851
2.756	140.377
2.758	139.752
2.76	140.025
2.762	139.946
2.764	140.489
2.766	140.426
2.768	140.653
2.77	140.605
2.772	140.644
2.774	140.582
2.776	140.808
2.778	140.424
2.78	140.273
2.782	140.673
2.784	140.973
2.786	140.892
2.788	141.444
2.79	140.855
2.792	141.247
2.794	140.634
2.796	140.521
2.798	140.6
2.8	141.088
2.802	141.026
2.804	141.357
2.806	141.058
2.808	141.506
2.81	142.218
2.812	141.322
2.814	141.815
2.816	141.922
2.818	141.499
2.82	142.23
2.822	141.602
2.824	142.289
2.826	141.759
2.828	142.542
2.83	142.659
2.832	142.775
2.834	142.706
2.836	142.658
2.838	143.414
2.84	143.062
2.842	142.635
2.844	142.497
2.846	143.477
2.848	142.818
2.85	143.089
2.852	143.567
2.854	142.878
2.856	143.988
2.858	143.155
2.86	142.972
2.862	143.948
2.864	143.275
2.866	143.815
2.868	143.771
2.87	143.512
2.872	143.344
2.874	143.089
2.876	144.076
2.878	143.586
2.88	144.682
2.882	143.975
2.884	143.24
2.886	144.118
2.888	144.825
2.89	144.009
2.892	144.474
2.894	143.856
2.896	144.185
2.898	144.507
2.9	144.255
2.902	144.006
2.904	144.447
2.906	144.695
2.908	145.199
2.91	145.014
2.912	144.798
2.914	145.073
2.916	144.284
2.918	145.126
2.92	145.133
2.922	145.632
2.924	145.06
2.926	144.601
2.928	144.252
2.93	145.297
2.932	145.589
2.934	145.414
2.936	145.555
2.938	144.681
2.94	145.898
2.942	145.789
2.944	145.747
2.946	145.442
2.948	145.457
2.95	145.085
2.952	146.139
2.954	146.089
2.956	146.081
2.958	146.519
2.96	145.747
2.962	145.774
2.964	146.72
2.966	145.431
2.968	146.42
2.97	145.948
2.972	146.135
2.974	146.554
2.976	146.858
2.978	146.837
2.98	146.65
2.982	146.864
2.984	147.044
2.986	145.771
2.988	146.734
2.99	147.204
2.992	147.411
2.994	146.422
2.996	148.317
2.998	147.27
3	147.071
3.002	146.515
3.004	148.118
3.006	147.609
3.008	147.209
3.01	147.224
3.012	148.213
3.014	147.889
3.016	147.948
3.018	147.383
3.02	148.221
3.022	148.524
3.024	147.773
3.026	147.711
3.028	148.656
3.03	147.748
3.032	148.533
3.034	147.805
3.036	148.5
3.038	148.256
3.04	149.038
3.042	148.162
3.044	148.251
3.046	148.238
3.048	148.556
3.05	148.586
3.052	149.679
3.054	149.225
3.056	149.001
3.058	148.672
3.06	148.921
3.062	148.762
3.064	148.887
3.066	149.395
3.068	149.54
3.07	149.18
3.072	149.365
3.074	149.165
3.076	149.446
3.078	149.125
3.08	149.648
3.082	149.649
3.084	150.131
3.086	149.706
3.088	150.786
3.09	149.854
3.092	149.563
3.094	149.836
3.096	149.568
3.098	149.238
3.1	150.628
3.102	150.076
3.104	150.776
3.106	150.388
3.108	150.33
3.11	150.262
3.112	149.812
3.114	149.742
3.116	150.66
3.118	150.421
3.12	149.79
3.122	150.096
3.124	150.535
3.126	150.166
3.128	150.599
3.13	150.397
3.132	150.677
3.134	150.296
3.136	151.102
3.138	150.326
3.14	150.626
3.142	151.166
3.144	150.158
3.146	150.332
3.148	151.251
3.15	151.002
3.152	151.287
3.154	149.925
3.156	151.586
3.158	151.398
3.16	150.83
3.162	150.54
3.164	151.424
3.166	151.639
3.168	151.263
3.17	151.375
3.172	151.207
3.174	150.949
3.176	152.957
3.178	151.644
3.18	152.333
3.182	151.494
3.184	151.03
3.186	151.887
3.188	151.438
3.19	152.108
3.192	151.896
3.194	151.498
3.196	152.175
3.198	152.293
3.2	152.557
3.202	152.081
3.204	152.117
3.206	152.168
3.208	152.802
3.21	152.348
3.212	152.542
3.214	152.824
3.216	152.075
3.218	152.652
3.22	152.543
3.222	152.276
3.224	152.989
3.226	153.198
3.228	152.49
3.23	152.297
3.232	153.397
3.234	153.116
3.236	153.834
3.238	153.437
3.24	153.677
3.242	153.608
3.244	154.628
3.246	152.64
3.248	153.227
3.25	152.856
3.252	153.875
3.254	153.718
3.256	153.508
3.258	153.275
3.26	153.794
3.262	153.743
3.264	154.188
3.266	154.405
3.268	154.086
3.27	154.302
3.272	153.619
3.274	153.639
3.276	153.087
3.278	153.653
3.28	153.472
3.282	153.92
3.284	153.175
3.286	153.686
3.288	154.202
3.29	154.52
3.292	154.957
3.294	155.359
3.296	154.534
3.298	154.417
3.3	155.082
3.302	154.413
3.304	154.652
3.306	154.836
3.308	154.811
3.31	154.703
3.312	154.554
3.314	155.084
3.316	154.852
3.318	154.63
3.32	155.081
3.322	154.566
3.324	154.782
3.326	155.324
3.328	155.37
3.33	154.605
3.332	155.163
3.334	154.854
3.336	155.313
3.338	154.836
3.34	155.953
3.342	156.166
3.344	155.555
3.346	155.476
3.348	155.147
3.35	155.203
3.352	155.621
3.354	155.49
3.356	155.502
3.358	155.581
3.36	155.818
3.362	155.949
3.364	156.196
3.366	155.897
3.368	155.01
3.37	156.06
3.372	155.382
3.374	156.242
3.376	156.536
3.378	156.33
3.38	156.454
3.382	156.763
3.384	157.052
3.386	155.967
3.388	156.171
3.39	156.351
3.392	157.157
3.394	156.016
3.396	156.485
3.398	156.803
3.4	156.28
3.402	156.596
3.404	156.662
3.406	156.834
3.408	157.377
3.41	156.957
3.412	157.248
3.414	156.504
3.416	156.69
3.418	157.41
3.42	156.589
3.422	157.738
3.424	156.854
3.426	157.382
3.428	157.453
3.43	157.278
3.432	157.338
3.434	157.818
3.436	157.501
3.438	158.245
3.44	157.853
3.442	157.34
3.444	157.859
3.446	157.964
3.448	158.005
3.45	158.218
3.452	157.91
3.454	158.183
3.456	158.122
3.458	158.686
3.46	157.635
3.462	157.482
3.464	158.085
3.466	158.055
3.468	157.894
3.47	158.561
3.472	158.917
3.474	157.988
3.476	158.618
3.478	158.544
3.48	158.597
3.482	158.208
3.484	158.567
3.486	157.936
3.488	158.526
3.49	158.389
3.492	159.011
3.494	159.242
3.496	159.164
3.498	159.89
3.5	159.056
3.502	158.752
3.504	159.236
3.506	158.555
3.508	158.947
3.51	159.448
3.512	160.049
3.514	158.598
3.516	159.758
3.518	159.185
3.52	159.203
3.522	159.043
3.524	158.845
3.526	159.019
3.528	159.446
3.53	159.734
3.532	159.58
3.534	160.051
3.536	160.276
3.538	160.062
3.54	160.231
3.542	159.893
3.544	159.637
3.546	159.655
3.548	160.108
3.55	160.544
3.552	160.051
3.554	160.731
3.556	160.096
3.558	160.132
3.56	160.509
3.562	160.737
3.564	159.797
3.566	160.208
3.568	160.491
3.57	160.959
3.572	160.584
3.574	160.638
3.576	160.045
3.578	160.25
3.58	160.234
3.582	160.53
3.584	160.188
3.586	160.148
3.588	160.207
3.59	160.749
3.592	160.847
3.594	160.532
3.596	161.624
3.598	160.924
3.6	161.362
3.602	161.697
3.604	160.998
3.606	161.065
3.608	161.568
3.61	161.15
3.612	161.796
3.614	160.971
3.616	161.232
3.618	161.52
3.62	161.288
3.622	161.663
3.624	160.951
3.626	161.508
3.628	161.846
3.63	161.886
3.632	161.629
3.634	161.348
3.636	161.364
3.638	161.626
3.64	162.231
3.642	162.097
3.644	162.41
3.646	161.237
3.648	162.049
3.65	162.333
3.652	162.6
3.654	162.095
3.656	162.143
3.658	161.745
3.66	162.97
3.662	161.928
3.664	162.484
3.666	162.686
3.668	162.094
3.67	162.298
3.672	161.817
3.674	162.276
3.676	161.806
3.678	162.242
3.68	162.169
3.682	163.09
3.684	163.47
3.686	162.978
3.688	162.654
3.69	162.463
3.692	162.882
3.694	162.836
3.696	163.019
3.698	163.16
3.7	163.083
3.702	162.548
3.704	163.281
3.706	163.295
3.708	163.557
3.71	163.391
3.712	162.991
3.714	163.577
3.716	164.106
3.718	163.374
3.72	163.992
3.722	163.768
3.724	163.293
3.726	163.363
3.728	162.968
3.73	162.991
3.732	163.572
3.734	163.527
3.736	164.177
3.738	164.609
3.74	163.408
3.742	164.319
3.744	163.726
3.746	164.269
3.748	163.194
3.75	163.699
3.752	163.419
3.754	163.766
3.756	163.604
3.758	163.48
3.76	163.671
3.762	163.571
3.764	164.452
3.766	163.959
3.768	164.005
3.77	163.949
3.772	164.332
3.774	164.741
3.776	164.45
3.778	164.47
3.78	164.641
3.782	164.711
3.784	164.412
3.786	164.499
3.788	165.483
3.79	164.866
3.792	164.631
3.794	164.598
3.796	164.34
3.798	164.805
3.8	164.442
3.802	164.736
3.804	165.173
3.806	164.51
3.808	164.58
3.81	164.074
3.812	164.924
3.814	164.813
3.816	164.834
3.818	165.28
3.82	164.918
3.822	164.384
3.824	166.063
3.826	165.949
3.828	165.001
3.83	165.067
3.832	165.835
3.834	165.218
3.836	165.214
3.838	164.923
3.84	165.943
3.842	165.646
3.844	166.408
3.846	165.525
3.848	165.896
3.85	165.275
3.852	166.345
3.854	165.909
3.856	165.989
3.858	165.737
3.86	166.558
3.862	165.276
3.864	165.755
3.866	165.287
3.868	166.201
3.87	165.89
3.872	166.004
3.874	166.285
3.876	165.963
3.878	166.463
3.88	166.398
3.882	165.815
3.884	166.481
3.886	166.339
3.888	166.133
3.89	166.906
3.892	166.728
3.894	166.857
3.896	167.168
3.898	166.44
3.9	167.063
3.902	167.347
3.904	166.217
3.906	167.034
3.908	167.135
3.91	166.836
3.912	167.1
3.914	166.766
3.916	166.274
3.918	167.147
3.92	167.013
3.922	166.726
3.924	167.114
3.926	167.923
3.928	166.945
3.93	166.868
3.932	166.496
3.934	167.61
3.936	166.862
3.938	166.714
3.94	167.756
3.942	167.633
3.944	167.482
3.946	167.7
3.948	167.035
3.95	167.277
3.952	167.239
3.954	167.25
3.956	167.596
3.958	166.784
3.96	167.834
3.962	168.209
3.964	167.647
3.966	167.813
3.968	167.786
3.97	167.544
3.972	167.54
3.974	168.362
3.976	167.134
3.978	167.26
3.98	167.454
3.982	168.085
3.984	168.028
3.986	167.607
3.988	168.634
3.99	168.452
3.992	167.945
3.994	168.006
3.996	167.419
3.998	167.946
4	168.608
4.002	167.98
4.004	167.832
4.006	168.553
4.008	168.88
4.01	167.857
4.012	168.387
4.014	168.588
4.016	167.602
4.018	168.612
4.02	168.489
4.022	168.11
4.024	168.974
4.026	168.698
4.028	168.582
4.03	168.392
4.032	168.466
4.034	168.009
4.036	169.171
4.038	168.92
4.04	168.856
4.042	168.445
4.044	168.58
4.046	168.532
4.048	168.331
4.05	168.067
4.052	168.558
4.054	168.822
4.056	168.751
4.058	169.187
4.06	168.575
4.062	168.731
4.064	168.961
4.066	169.255
4.068	169.807
4.07	168.475
4.072	168.304
4.074	169.13
4.076	169.2
4.078	169.642
4.08	169.753
4.082	169.761
4.084	169.438
4.086	169.498
4.088	169.912
4.09	169.827
4.092	169.185
4.094	169.972
4.096	169.786
4.098	170.108
4.1	169.821
4.102	169.607
4.104	170.07
4.106	169.15
4.108	169.594
4.11	169.906
4.112	169.834
4.114	170.468
4.116	170.364
4.118	170.26
4.12	169.573
4.122	169.372
4.124	169.895
4.126	170.288
4.128	169.317
4.13	169.309
4.132	169.224
4.134	169.881
4.136	169.962
4.138	170.451
4.14	170.218
4.142	170.312
4.144	170.799
4.146	169.802
4.148	170.081
4.15	169.879
4.152	170.303
4.154	170.598
4.156	170.884
4.158	169.909
4.16	169.221
4.162	170.716
4.164	171.199
4.166	170.389
4.168	169.993
4.17	170.494
4.172	170.919
4.174	170.887
4.176	170.293
4.178	170.365
4.18	170.52
4.182	170.715
4.184	170.645
4.186	170.733
4.188	170.843
4.19	171.286
4.192	171.483
4.194	171.242
4.196	171.074
4.198	170.459
4.2	171.229
4.202	170.62
4.204	171.51
4.206	170.435
4.208	171.298
4.21	170.267
4.212	171.291
4.214	172.165
4.216	170.751
4.218	171.528
4.22	172.375
4.222	171.022
4.224	171.615
4.226	170.835
4.228	171.419
4.23	171.527
4.232	171.921
4.234	171.067
4.236	171.193
4.238	171.241
4.24	171.134
4.242	171.698
4.244	171.502
4.246	171.273
4.248	171.834
4.25	171.428
4.252	172.188
4.254	171.922
4.256	170.996
4.258	171.364
4.26	171.34
4.262	171.942
4.264	172.881
4.266	171.969
4.268	171.771
4.27	172.261
4.272	172.65
4.274	171.398
4.276	172.193
4.278	172.498
4.28	172.097
4.282	172.724
4.284	172.518
4.286	172.243
4.288	172.095
4.29	172.934
4.292	172.697
4.294	172.084
4.296	172.367
4.298	172.562
4.3	172.752
4.302	172.748
4.304	173.157
4.306	172.585
4.308	172.202
4.31	172.863
4.312	173.015
4.314	173.314
4.316	173.445
4.318	173.101
4.32	173.419
4.322	173.609
4.324	173.739
4.326	172.934
4.328	173.654
4.33	172.585
4.332	172.466
4.334	171.703
4.336	172.876
4.338	172.914
4.34	172.974
4.342	173.312
4.344	173.304
4.346	173.614
4.348	173.638
4.35	173.601
4.352	173.018
4.354	173.644
4.356	173.715
4.358	174.128
4.36	173.428
4.362	173.147
4.364	173.538
4.366	173.616
4.368	173.693
4.37	173.32
4.372	173.681
4.374	173.483
4.376	173.2
4.378	173.507
4.38	174.089
4.382	173.211
4.384	173.568
4.386	173.82
4.388	174.023
4.39	173.726
4.392	173.94
4.394	174.155
4.396	173.636
4.398	174.355
4.4	174.047
4.402	174.707
4.404	173.078
4.406	173.79
4.408	174.262
4.41	174.259
4.412	175.009
4.414	173.65
4.416	173.589
4.418	173.72
4.42	173.884
4.422	173.362
4.424	174.622
4.426	174.757
4.428	174.353
4.43	174.462
4.432	173.883
4.434	174.305
4.436	175.236
4.438	174.102
4.44	174.077
4.442	174.872
4.444	174.281
4.446	174.318
4.448	175.014
4.45	175.173
4.452	175.023
4.454	175.498
4.456	174.642
4.458	175.371
4.46	174.99
4.462	175.278
4.464	175.356
4.466	175.307
4.468	174.441
4.47	174.61
4.472	174.782
4.474	175.764
4.476	174.915
4.478	174.947
4.48	175.674
4.482	175.313
4.484	175.696
4.486	175.877
4.488	175.613
4.49	175.159
4.492	174.735
4.494	175.905
4.496	175.778
4.498	176.111
4.5	175.58
4.502	176.505
4.504	176.271
4.506	176.613
4.508	175.733
4.51	176.108
4.512	175.968
4.514	176.102
4.516	175.617
4.518	174.896
4.52	175.805
4.522	176.528
4.524	175.709
4.526	175.667
4.528	175.634
4.53	176.309
4.532	175.914
4.534	175.868
4.536	176.366
4.538	176.749
4.54	176.325
4.542	175.64
4.544	176.494
4.546	176.203
4.548	176.237
4.55	176.401
4.552	176.435
4.554	177.161
4.556	176.517
4.558	175.855
4.56	176.868
4.562	176.169
4.564	176.178
4.566	176.488
4.568	175.852
4.57	176.731
4.572	176.749
4.574	176.763
4.576	176.109
4.578	176.782
4.58	176.41
4.582	176.179
4.584	176.864
4.586	176.665
4.588	177.236
4.59	177.418
4.592	176.676
4.594	177.433
4.596	176.434
4.598	177.309
4.6	177.57
4.602	177.43
4.604	176.879
4.606	176.708
4.608	177.218
4.61	177.002
4.612	176.986
4.614	177.008
4.616	177.389
4.618	177.075
4.62	176.87
4.622	177.315
4.624	176.502
4.626	177.066
4.628	176.995
4.63	177.526
4.632	176.844
4.634	177.138
4.636	177.481
4.638	177.436
4.64	177.452
4.642	178.1
4.644	177.244
4.646	177.639
4.648	177.587
4.65	177.851
4.652	177.315
4.654	178.219
4.656	177.787
4.658	177.979
4.66	177.774
4.662	177.7
4.664	177.944
4.666	177.838
4.668	177.738
4.67	177.972
4.672	177.64
4.674	177.945
4.676	177.068
4.678	177.59
4.68	177.706
4.682	177.947
4.684	178.251
4.686	177.882
4.688	178.677
4.69	177.962
4.692	177.902
4.694	177.957
4.696	177.906
4.698	177.843
4.7	177.974
4.702	178.234
4.704	178.389
4.706	178.001
4.708	178.85
4.71	178.084
4.712	178.103
4.714	178.701
4.716	178.51
4.718	178.326
4.72	177.971
4.722	178.572
4.724	178.377
4.726	178.81
4.728	178.785
4.73	178.977
4.732	179.25
4.734	179.263
4.736	178.914
4.738	178.54
4.74	179.46
4.742	179.097
4.744	178.708
4.746	179.206
4.748	178.852
4.75	179.032
4.752	178.98
4.754	179.51
4.756	178.439
4.758	179.176
4.76	179.029
4.762	178.783
4.764	179.317
4.766	179.465
4.768	179.14
4.77	179.215
4.772	179.452
4.774	180.361
4.776	179.193
4.778	179.736
4.78	179.861
4.782	179.03
4.784	178.762
4.786	179.599
4.788	180.157
4.79	180.318
4.792	180.091
4.794	179.886
4.796	179.562
4.798	180.029
4.8	180.044
4.802	179.6
4.804	179.545
4.806	179.912
4.808	180.086
4.81	179.04
4.812	179.428
4.814	179.582
4.816	179.415
4.818	180.143
4.82	180.338
4.822	179.429
4.824	179.978
4.826	178.94
4.828	179.91
4.83	179.868
4.832	179.493
4.834	179.622
4.836	179.381
4.838	179.204
4.84	180.371
4.842	180.155
4.844	180.025
4.846	180.626
4.848	180.585
4.85	179.829
4.852	180.547
4.854	180.676
4.856	180.115
4.858	180.083
4.86	180.473
4.862	180.889
4.864	180.271
4.866	180.117
4.868	180.236
4.87	180.544
4.872	180.555
4.874	180.708
4.876	180.134
4.878	180.727
4.88	180.565
4.882	181.107
4.884	181.151
4.886	180.646
4.888	180.112
4.89	180.399
4.892	180.028
4.894	181.131
4.896	180.545
4.898	180.967
4.9	180.855
4.902	181.025
4.904	180.787
4.906	180.768
4.908	181.5
4.91	181.237
4.912	180.589
4.914	180.076
4.916	181.048
4.918	181.244
4.92	181.444
4.922	180.86
4.924	180.566
4.926	180.853
4.928	180.35
4.93	180.49
4.932	180.696
4.934	180.208
4.936	180.81
4.938	182.006
4.94	182.037
4.942	181.127
4.944	181.756
4.946	180.863
4.948	180.85
4.95	180.804
4.952	181.506
4.954	181.553
4.956	181.768
4.958	181.569
4.96	181.826
4.962	181.181
4.964	181.892
4.966	181.237
4.968	181.4
4.97	181.532
4.972	181.059
4.974	181.683
4.976	182.093
4.978	180.903
4.98	181.638
4.982	181.771
4.984	181.313
4.986	181.269
4.988	182.448
4.99	181.779
4.992	181.395
4.994	182.376
4.996	182.195
4.998	182.43
5	181.947
5.002	181.515
5.004	181.607
5.006	181.941
5.008	181.539
5.01	182.237
5.012	181.475
5.014	182.549
5.016	182.017
5.018	181.769
5.02	181.749
5.022	182.06
5.024	182.181
5.026	182.836
5.028	181.294
5.03	181.532
5.032	181.569
5.034	182.52
5.036	182.496
5.038	182.133
5.04	182.858
5.042	182.788
5.044	181.769
5.046	182.239
5.048	181.801
5.05	182.307
5.052	181.917
5.054	182.229
5.056	182.484
5.058	182.086
5.06	182.171
5.062	182.826
5.064	182.886
5.066	182.813
5.068	182.904
5.07	183.451
5.072	183.04
5.074	183.046
5.076	183.636
5.078	182.383
5.08	182.831
5.082	182.741
5.084	182.788
5.086	182.426
5.088	182.761
5.09	182.962
5.092	182.615
5.094	182.501
5.096	182.556
5.098	182.007
5.1	183.313
5.102	183.007
5.104	183.612
5.106	183.353
5.108	182.957
5.11	182.698
5.112	182.844
5.114	183.308
5.116	183.094
5.118	182.477
5.12	183.261
5.122	182.941
5.124	182.84
5.126	183.023
5.128	183.114
5.13	183.081
5.132	182.916
5.134	183.115
5.136	183.286
5.138	182.677
5.14	184.187
5.142	183.165
5.144	183.461
5.146	183.018
5.148	183.854
5.15	183.756
5.152	183.232
5.154	183.045
5.156	183.87
5.158	183.486
5.16	183.463
5.162	183.362
5.164	183.536
5.166	184.455
5.168	183.297
5.17	183.892
5.172	183.807
5.174	183.446
5.176	183.682
5.178	193.08
5.18	24.3094
5.182	24.9253
5.184	25.3503
5.186	25.0751
5.188	25.5901
5.19	25.4237
5.192	25.6498
5.194	25.555
5.196	25.7781
5.198	25.7878
5.2	25.627
5.202	25.5573
5.204	25.6851
5.206	25.4892
5.208	25.442
5.21	25.2029
5.212	25.3932
5.214	25.3019
5.216	25.2233
5.218	25.2582
5.22	25.2712
5.222	25.0677
5.224	25.0015
5.226	24.9725
5.228	24.8731
5.23	24.6859
5.232	24.7426
5.234	24.7221
5.236	24.6797
5.238	24.4632
5.24	24.5007
5.242	24.2599
5.244	24.3297
5.246	24.3699
5.248	24.0408
5.25	24.0046
5.252	24.0192
5.254	23.9027
5.256	23.8482
5.258	23.7185
5.26	23.8235
5.262	23.5576
5.264	23.67
5.266	23.304
5.268	23.2223
5.27	23.2922
5.272	23.2262
5.274	22.9186
5.276	23.0289
5.278	22.7943
5.28	22.7627
5.282	22.5536
5.284	22.632
5.286	22.4008
5.288	22.5724
5.29	22.3313
5.292	22.4526
5.294	22.3053
5.296	22.2792
5.298	22.0166
5.3	22.035
5.302	21.8615
5.304	21.7897
5.306	21.5792
5.308	21.9057
5.31	21.598
5.312	21.5754
5.314	21.5491
5.316	21.4422
5.318	21.3599
5.32	21.2888
5.322	21.2362
5.324	21.2101
5.326	21.1196
5.328	21.0026
5.33	20.7514
5.332	20.7559
5.334	20.8332
5.336	20.7748
5.338	20.7637
5.34	20.672
5.342	20.4212
5.344	20.3245
5.346	20.3107
5.348	20.2584
5.35	20.2234
5.352	20.2202
5.354	20.0077
5.356	19.9345
5.358	19.8146
5.36	19.8413
5.362	19.697
5.364	19.7768
5.366	19.7099
5.368	19.6197
5.37	19.4271
5.372	19.4484
5.374	19.412
5.376	19.2841
5.378	19.296
5.38	19.3269
5.382	19.017
5.384	18.9263
5.386	18.8785
5.388	18.9173
5.39	18.7355
5.392	18.7344
5.394	18.6127
5.396	18.6518
5.398	18.6448
5.4	18.6831
5.402	18.6079
5.404	18.4228
5.406	18.4403
5.408	18.3714
5.41	17.8119
5.412	18.2575
5.414	18.1439
5.416	18.0938
5.418	18.0201
5.42	17.9781
5.422	17.9121
5.424	17.7905
5.426	17.6349
5.428	17.6818
5.43	17.5205
5.432	17.6203
5.434	17.4515
5.436	17.5307
5.438	17.3322
5.44	17.5508
5.442	17.142
5.444	17.1726
5.446	17.2177
5.448	17.1551
5.45	17.075
5.452	17.0871
5.454	17.0574
5.456	16.9136
5.458	16.797
5.46	16.9012
5.462	16.5295
5.464	16.8725
5.466	16.6365
5.468	16.6405
5.47	16.5364
5.472	16.5547
5.474	16.5375
5.476	16.3537
5.478	16.2953
5.48	16.3589
5.482	16.3712
5.484	16.0971
5.486	16.1877
5.488	16.1391
5.49	16.0082
5.492	16.095
5.494	15.8821
5.496	15.9786
5.498	15.7996
5.5	15.7889
5.502	15.5201
5.504	15.7212
5.506	15.62
5.508	15.6572
5.51	15.6273
5.512	15.5081
5.514	15.5811
5.516	15.3352
5.518	15.3074
5.52	15.376
5.522	15.234
5.524	15.3419
5.526	14.9528
5.528	15.2026
5.53	14.9918
5.532	15.0355
5.534	15.0319
5.536	14.9683
5.538	14.86
5.54	15.077
5.542	14.6563
5.544	14.8269
5.546	14.7069
5.548	14.6939
5.55	14.4604
5.552	14.6307
5.554	14.4968
5.556	14.4798
5.558	14.4531
5.56	14.4706
5.562	14.2763
5.564	14.326
5.566	14.2235
5.568	14.2179
5.57	14.0589
5.572	14.1487
5.574	14.0591
5.576	14.1316
5.578	13.9729
5.58	13.9499
5.582	13.9057
5.584	13.8191
5.586	13.5956
5.588	13.9779
5.59	13.6542
5.592	13.8678
5.594	13.5812
5.596	13.6679
5.598	13.6835
5.6	13.5352
5.602	13.4998
5.604	13.4418
5.606	13.458
5.608	13.5103
5.61	13.1707
5.612	13.5002
5.614	13.4009
5.616	13.2528
5.618	13.2204
5.62	13.1639
5.622	13.0777
5.624	13.1085
5.626	13.0695
5.628	12.913
5.63	12.9613
5.632	13.0519
5.634	12.8838
5.636	12.984
5.638	12.9328
5.64	12.9616
5.642	12.7969
5.644	12.849
5.646	12.7734
5.648	12.7085
5.65	12.5441
5.652	12.6362
5.654	12.452
5.656	12.5767
5.658	12.3106
5.66	12.4787
5.662	12.3557
5.664	12.3618
5.666	12.3118
5.668	12.3338
5.67	12.1687
5.672	12.3598
5.674	12.2465
5.676	12.293
5.678	12.1977
5.68	12.1521
5.682	12.0095
5.684	12.0852
5.686	11.8416
5.688	12.0621
5.69	11.8677
5.692	11.9884
5.694	11.7901
5.696	11.7314
5.698	11.56
5.7	11.7461
5.702	11.6471
5.704	11.7774
5.706	11.6852
5.708	11.657
5.71	11.5499
5.712	11.5569
5.714	11.5292
5.716	11.4739
5.718	11.5708
5.72	11.337
5.722	11.1458
5.724	11.3584
5.726	11.1706
5.728	11.0011
5.73	11.2194
5.732	11.3372
5.734	11.0399
5.736	11.2128
5.738	11.0784
5.74	11.144
5.742	11.0017
5.744	11.1024
5.746	10.9369
5.748	11.0176
5.75	10.8902
5.752	11.0449
5.754	10.8866
5.756	10.8069
5.758	10.6646
5.76	10.7652
5.762	10.5762
5.764	10.885
5.766	10.564
5.768	10.787
5.77	10.5912
5.772	10.7006
5.774	10.494
5.776	10.6145
5.778	10.5506
5.78	10.4324
5.782	10.5036
5.784	10.4548
5.786	10.4996
5.788	10.6845
5.79	10.3511
5.792	10.4261
5.794	10.4305
5.796	10.4651
5.798	10.2879
5.8	10.4138
5.802	10.2018
5.804	10.3353
5.806	10.1913
5.808	10.2191
5.81	9.90084
5.812	10.127
5.814	10.0439
5.816	10.1381
5.818	9.98732
5.82	10.2005
5.822	9.82788
5.824	9.976
5.826	9.80583
5.828	10.0116
5.83	9.78118
5.832	9.9172
5.834	9.88567
5.836	9.89331
5.838	9.74415
5.84	9.90576
5.842	9.71876
5.844	9.76239
5.846	9.58819
5.848	9.7613
5.85	9.55313
5.852	9.74511
5.854	9.54044
5.856	9.59399
5.858	9.47484
5.86	9.6542
5.862	9.31906
5.864	9.35777
5.866	9.40863
5.868	9.39345
5.87	9.22249
5.872	9.41641
5.874	9.35087
5.876	9.50524
5.878	9.27937
5.88	9.41974
5.882	9.22917
5.884	9.1913
5.886	9.24552
5.888	9.29558
5.89	9.08336
5.892	9.26806
5.894	9.21358
5.896	9.19844
5.898	9.12947
5.9	9.09744
5.902	9.06517
5.904	9.03017
5.906	8.98946
5.908	8.83524
5.91	8.80256
5.912	9.11803
5.914	8.97475
5.916	9.04519
5.918	8.90839
5.92	9.08604
5.922	8.77471
5.924	8.72957
5.926	8.76959
5.928	8.73537
5.93	8.64852
5.932	8.83226
5.934	8.57396
5.936	8.69552
5.938	8.57191
5.94	8.85984
5.942	8.59087
5.944	8.67511
5.946	8.51326
5.948	8.58353
5.95	8.45044
5.952	8.65365
5.954	8.65037
5.956	8.5512
5.958	8.57436
5.96	8.56109
5.962	8.44774
5.964	8.61232
5.966	8.33836
5.968	8.45569
5.97	8.32568
5.972	8.43636
5.974	8.37546
5.976	8.5081
5.978	8.38893
5.98	8.41046
5.982	8.21208
5.984	8.36319
5.986	8.04637
5.988	8.32925
5.99	7.99596
5.992	8.19283
5.994	8.10939
5.996	8.20437
5.998	8.17233
6	8.05442
6.002	8.00909
6.004	8.18372
6.006	8.04285
6.008	7.96351
6.01	8.02913
6.012	8.21311
6.014	8.00646
6.016	8.09735
6.018	8.05545
6.02	8.04872
6.022	7.95622
6.024	7.94121
6.026	7.83848
6.028	7.88511
6.03	7.74983
6.032	7.95805
6.034	7.73117
6.036	8.00669
6.038	7.86492
6.04	7.94772
6.042	7.77056
6.044	7.7895
6.046	7.5657
6.048	7.68629
6.05	7.62437
6.052	7.70382
6.054	7.62248
6.056	7.87991
6.058	7.68876
6.06	7.71082
6.062	7.54755
6.064	7.70016
6.066	7.54037
6.068	7.48398
6.07	7.29088
6.072	7.46369
6.074	7.41382
6.076	7.48646
6.078	7.36384
6.08	7.52186
6.082	7.21471
6.084	7.37614
6.086	7.32253
6.088	7.44937
6.09	7.24453
6.092	7.27478
6.094	7.39965
6.096	7.3243
6.098	7.25739
6.1	7.25769
6.102	7.22801
6.104	7.28888
6.106	7.26417
6.108	7.12363
6.11	7.09524
6.112	7.2242
6.114	7.12431
6.116	7.18691
6.118	7.03978
6.12	7.2007
6.122	6.95295
6.124	7.17783
6.126	7.09094
6.128	6.96716
6.13	7.10133
6.132	7.05133
6.134	7.07238
6.136	7.13579
6.138	6.94464
6.14	7.09339
6.142	6.89819
6.144	7.02968
6.146	6.82525
6.148	6.88938
6.15	6.78592
6.152	6.84235
6.154	6.74887
6.156	6.78263
6.158	6.82972
6.16	6.74194
6.162	6.61199
6.164	6.81706
6.166	6.76961
6.168	6.73737
6.17	6.60822
6.172	6.76461
6.174	6.62269
6.176	6.74198
6.178	6.60761
6.18	6.81266
6.182	6.5888
6.184	6.69477
6.186	6.51293
6.188	6.73382
6.19	6.51836
6.192	6.56774
6.194	6.44521
6.196	6.56285
6.198	6.56286
6.2	6.60903
6.202	6.60037
6.204	6.54653
6.206	6.399
6.208	6.42153
6.21	6.17386
6.212	6.58281
6.214	6.41953
6.216	6.50308
6.218	6.21206
6.22	6.64315
6.222	6.39375
6.224	6.38918
6.226	6.30624
6.228	6.51728
6.23	6.36715
6.232	6.4651
6.234	6.26472
6.236	6.41295
6.238	6.356
6.24	6.40995
6.242	6.13127
6.244	6.29183
6.246	6.19953
6.248	6.409
6.25	6.11428
6.252	6.10818
6.254	6.24333
6.256	6.20854
6.258	6.21248
6.26	6.26214
6.262	5.98077
6.264	6.11193
6.266	6.1028
6.268	6.08538
6.27	6.06033
6.272	6.16002
6.274	5.98261
6.276	6.10363
6.278	6.05123
6.28	6.05051
6.282	5.98551
6.284	6.00964
6.286	6.00399
6.288	6.06656
6.29	5.90612
6.292	6.127
6.294	5.96751
6.296	5.95981
6.298	5.8834
6.3	5.86644
6.302	5.87111
6.304	5.91147
6.306	5.88027
6.308	5.95968
6.31	5.79292
6.312	5.99095
6.314	5.81846
6.316	5.94095
6.318	5.88227
6.32	5.82807
6.322	5.87974
6.324	5.84449
6.326	5.95465
6.328	5.81502
6.33	5.77996
6.332	5.86271
6.334	5.8533
6.336	5.68436
6.338	5.57848
6.34	5.86557
6.342	5.75619
6.344	5.75579
6.346	5.78368
6.348	5.85647
6.35	5.68401
6.352	5.77271
6.354	5.7547
6.356	5.59517
6.358	5.6419
6.36	5.78152
6.362	5.6545
6.364	5.58779
6.366	5.62541
6.368	5.53046
6.37	5.52421
6.372	5.49309
6.374	5.59811
6.376	5.64466
6.378	5.51688
6.38	5.57097
6.382	5.47884
6.384	5.4594
6.386	5.2952
6.388	5.70649
6.39	5.46447
6.392	5.49747
6.394	5.5664
6.396	5.48675
6.398	5.47112
6.4	5.51388
6.402	5.40678
6.404	5.54159
6.406	5.40288
6.408	5.29423
6.41	5.29664
6.412	5.51664
6.414	5.29649
6.416	5.41643
6.418	5.22571
6.42	5.41606
6.422	5.27804
6.424	5.23707
6.426	5.31194
6.428	5.31188
6.43	5.18921
6.432	5.2159
6.434	5.26682
6.436	5.46541
6.438	5.4087
6.44	5.3683
6.442	5.24477
6.444	5.36723
6.446	5.22642
6.448	5.27184
6.45	5.22462
6.452	5.14827
6.454	5.14119
6.456	5.27004
6.458	5.12987
6.46	5.18932
6.462	5.19307
6.464	5.25783
6.466	5.0861
6.468	5.05559
6.47	5.03567
6.472	5.18212
6.474	4.89274
6.476	5.0863
6.478	5.15582
6.48	5.1247
6.482	5.06144
6.484	5.12318
6.486	4.95007
6.488	4.92549
6.49	4.8967
6.492	5.01145
6.494	5.06297
6.496	4.98828
6.498	5.01897
6.5	5.04919
6.502	4.99579
6.504	5.02129
6.506	5.02548
6.508	4.90056
6.51	4.85616
6.512	4.86588
6.514	4.96394
6.516	5.04553
6.518	5.0145
6.52	4.98135
6.522	4.92884
6.524	5.00359
6.526	4.86097
6.528	4.90731
6.53	4.82106
6.532	4.90493
6.534	4.94002
6.536	4.92264
6.538	4.79865
6.54	4.90264
6.542	4.75181
6.544	4.8463
6.546	4.82186
6.548	4.94535
6.55	4.70939
6.552	4.76213
6.554	4.76943
6.556	4.90139
6.558	4.74631
6.56	4.82071
6.562	4.59153
6.564	4.85134
6.566	4.72507
6.568	4.68813
6.57	4.6
6.572	4.75824
6.574	4.66382
6.576	4.73404
6.578	4.714
6.58	4.7136
6.582	4.67353
6.584	4.757
6.586	4.64945
6.588	4.73316
6.59	4.47869
6.592	4.71516
6.594	4.6002
6.596	4.67075
6.598	4.48505
6.6	4.69557
6.602	4.7452
6.604	4.85194
6.606	4.58612
6.608	4.70668
6.61	4.34374
6.612	4.65275
6.614	4.48961
6.616	4.58861
6.618	4.58068
6.62	4.66631
6.622	4.68073
6.624	4.59433
6.626	4.4473
6.628	4.49997
6.63	4.42835
6.632	4.44
6.634	4.53345
6.636	4.59198
6.638	4.37095
6.64	4.47719
6.642	4.49377
6.644	4.46204
6.646	4.40336
6.648	4.45231
6.65	4.29095
6.652	4.45323
6.654	4.36762
6.656	4.42108
6.658	4.34008
6.66	4.47787
6.662	4.25638
6.664	4.44606
6.666	4.33821
6.668	4.31442
6.67	4.2612
6.672	4.31385
6.674	4.38915
6.676	4.40826
6.678	4.38773
6.68	4.43696
6.682	4.32207
6.684	4.30577
6.686	4.35209
6.688	4.33182
6.69	4.13241
6.692	4.21088
6.694	4.1898
6.696	4.31687
6.698	4.23211
6.7	4.3415
6.702	4.2473
6.704	4.16206
6.706	4.2481
6.708	4.15237
6.71	4.07801
6.712	4.24656
6.714	4.15835
6.716	4.20468
6.718	4.23854
6.72	4.35851
6.722	4.25905
6.724	4.25905
6.726	4.10906
6.728	4.24165
6.73	4.12057
6.732	4.21924
6.734	4.09764
6.736	4.08042
6.738	3.98596
6.74	4.19344
6.742	4.14655
6.744	4.12341
6.746	4.12953
6.748	4.07094
6.75	3.95583
6.752	4.05379
6.754	4.0553
6.756	4.08954
6.758	4.09175
6.76	4.05097
6.762	4.20512
6.764	4.14537
6.766	4.04617
6.768	4.06486
6.77	3.99354
6.772	4.09797
6.774	4.00658
6.776	4.11564
6.778	4.08012
6.78	4.12874
6.782	4.01188
6.784	4.09216
6.786	3.89277
6.788	4.14049
6.79	3.96871
6.792	3.99357
6.794	3.88346
6.796	3.93238
6.798	4.0313
6.8	4.04587
6.802	3.88248
6.804	4.01926
6.806	3.92576
6.808	3.91832
6.81	3.84222
6.812	3.96248
6.814	3.89085
6.816	3.96751
6.818	3.88795
6.82	3.98127
6.822	3.84568
6.824	3.92684
6.826	3.87676
6.828	3.69158
6.83	3.77812
6.832	3.75148
6.834	3.64134
6.836	3.96619
6.838	3.89916
6.84	3.9745
6.842	3.83139
6.844	3.87225
6.846	3.91616
6.848	3.82699
6.85	3.65583
6.852	3.74245
6.854	3.70135
6.856	3.84376
6.858	3.81212
6.86	3.73421
6.862	3.83083
6.864	3.90102
6.866	3.67508
6.868	3.703
6.87	3.7148
6.872	3.80883
6.874	3.8154
6.876	3.76143
6.878	3.63377
6.88	3.8307
6.882	3.78181
6.884	3.79533
6.886	3.65531
6.888	3.72679
6.89	3.66583
6.892	3.74988
6.894	3.82741
6.896	3.7779
6.898	3.77063
6.9	3.71087
6.902	3.73464
6.904	3.57792
6.906	3.71545
6.908	3.71975
6.91	3.58508
6.912	3.65529
6.914	3.76392
6.916	3.70968
6.918	3.66706
6.92	3.59568
6.922	3.63387
6.924	3.72455
6.926	3.75815
6.928	3.74123
6.93	3.40269
6.932	3.45029
6.934	3.46245
6.936	3.54377
6.938	3.5316
6.94	3.62553
6.942	3.59341
6.944	3.52522
6.946	3.48448
6.948	3.68576
6.95	3.61508
6.952	3.52062
6.954	3.60153
6.956	3.62837
6.958	3.56523
6.96	3.5441
6.962	3.35953
6.964	3.63977
6.966	3.49991
6.968	3.49905
6.97	3.42275
6.972	3.36584
6.974	3.38171
6.976	3.48962
6.978	3.36292
6.98	3.59513
6.982	3.49631
6.984	3.4886
6.986	3.50384
6.988	3.53933
6.99	3.36994
6.992	3.55527
6.994	3.47494
6.996	3.4376
6.998	3.46935
7	3.6046
7.002	3.59653
7.004	3.55256
7.006	3.41378
7.008	3.45663
7.01	3.26102
7.012	3.6057
7.014	3.58565
7.016	3.46904
7.018	3.40271
7.02	3.51423
7.022	3.45583
7.024	3.49307
7.026	3.53012
7.028	3.46803
7.03	3.47371
7.032	3.46022
7.034	3.3832
7.036	3.52316
7.038	3.31186
7.04	3.49095
7.042	3.45018
7.044	3.3836
7.046	3.5266
7.048	3.23757
7.05	3.33028
7.052	3.3752
7.054	3.41357
7.056	3.51566
7.058	3.36003
7.06	3.52699
7.062	3.27512
7.064	3.29956
7.066	3.33327
7.068	3.44318
7.07	3.21244
7.072	3.35641
7.074	3.36974
7.076	3.44588
7.078	3.19763
7.08	3.33887
7.082	3.35681
7.084	3.2957
7.086	3.34549
7.088	3.30282
7.09	3.14871
7.092	3.26984
7.094	3.29057
7.096	3.28143
7.098	3.23011
7.1	3.37974
7.102	3.26556
7.104	3.30358
7.106	3.22669
7.108	3.1669
7.11	3.09477
7.112	3.26306
7.114	3.16718
7.116	3.24664
7.118	3.22866
7.12	3.28758
7.122	3.22444
7.124	3.18124
7.126	3.22307
7.128	3.18012
7.13	3.09617
7.132	3.15551
7.134	3.23317
7.136	3.0105
7.138	3.0357
7.14	3.32309
7.142	3.35585
7.144	3.35768
7.146	3.32685
7.148	3.26383
7.15	3.11651
7.152	3.13434
7.154	3.21397
7.156	3.12524
7.158	3.19606
7.16	3.23728
7.162	3.15663
7.164	3.28222
7.166	3.17633
7.168	3.09432
7.17	3.03411
7.172	3.17093
7.174	3.21941
7.176	3.18877
7.178	3.29487
7.18	3.2754
7.182	3.23308
7.184	3.30128
7.186	2.93539
7.188	3.32398
7.19	3.15539
7.192	3.18335
7.194	3.2571
7.196	3.1493
7.198	3.2218
7.2	3.30622
7.202	3.15973
7.204	3.24131
7.206	3.07155
7.208	3.1364
7.21	3.06034
7.212	3.09445
7.214	3.0716
7.216	3.02424
7.218	3.05489
7.22	3.17623
7.222	3.08632
7.224	3.15178
7.226	3.17839
7.228	3.25304
7.23	2.93458
7.232	3.01037
7.234	2.92823
7.236	3.14802
7.238	3.0688
7.24	3.08904
7.242	2.97401
7.244	3.02386
7.246	2.99662
7.248	3.03442
7.25	2.98012
7.252	3.00957
7.254	3.07596
7.256	3.01559
7.258	2.98237
7.26	3.11081
7.262	3.0528
7.264	3.19629
7.266	3.06174
7.268	3.08333
7.27	3.03167
7.272	3.11405
7.274	3.12379
7.276	3.11064
7.278	3.02767
7.28	3.13498
7.282	3.13903
7.284	2.9963
7.286	2.81052
7.288	3.02444
7.29	3.06126
7.292	2.82179
7.294	3.05157
7.296	3.02368
7.298	2.92204
7.3	2.98742
7.302	3.0277
7.304	2.95189
7.306	2.93549
7.308	3.03639
7.31	2.85209
7.312	2.93609
7.314	2.8697
7.316	3.05585
7.318	2.86653
7.32	2.90636
7.322	2.85877
7.324	2.99888
7.326	2.87985
7.328	3.03242
7.33	2.79726
7.332	2.8613
7.334	3.00356
7.336	3.04159
7.338	2.81934
7.34	2.91302
7.342	3.02031
7.344	2.86034
7.346	2.92317
7.348	2.86642
7.35	2.71778
7.352	2.82924
7.354	2.81164
7.356	2.9784
7.358	2.76007
7.36	2.88057
7.362	2.73199
7.364	2.91246
7.366	2.83371
7.368	2.90385
7.37	2.74374
7.372	2.82747
7.374	2.7824
7.376	2.78796
7.378	2.85667
7.38	2.87102
7.382	2.81692
7.384	2.75064
7.386	2.64603
7.388	2.77385
7.39	2.58948
7.392	2.77732
7.394	2.81107
7.396	2.73678
7.398	2.6594
7.4	2.89401
7.402	2.83161
7.404	2.80032
7.406	2.77428
7.408	2.79829
7.41	2.58253
7.412	2.86614
7.414	2.77638
7.416	2.80232
7.418	2.6223
7.42	2.68547
7.422	2.70427
7.424	2.76328
7.426	2.70006
7.428	2.74345
7.43	2.63514
7.432	2.66679
7.434	2.78597
7.436	2.86441
7.438	2.72519
7.44	2.79759
7.442	2.78486
7.444	2.82192
7.446	2.80175
7.448	2.75544
7.45	2.59475
7.452	2.67864
7.454	2.76197
7.456	2.75451
7.458	2.5684
7.46	2.78896
7.462	2.54851
7.464	2.80629
7.466	2.70547
7.468	2.67997
7.47	2.52181
7.472	2.70167
7.474	2.61884
7.476	2.57584
7.478	2.53102
7.48	2.7365
7.482	2.73508
7.484	2.72936
7.486	2.76996
7.488	2.7325
7.49	2.57284
7.492	2.67561
7.494	2.71164
7.496	2.66975
7.498	2.67018
7.5	2.76858
7.502	2.54969
7.504	2.67617
7.506	2.58489
7.508	2.69073
7.51	2.54062
7.512	2.71241
7.514	2.68511
7.516	2.68197
7.518	2.60465
7.52	2.70157
7.522	2.70533
7.524	2.64047
7.526	2.65948
7.528	2.70841
7.53	2.62341
7.532	2.57585
7.534	2.72072
7.536	2.45838
7.538	2.47102
7.54	2.66134
7.542	2.58712
7.544	2.60542
7.546	2.51502
7.548	2.66837
7.55	2.51469
7.552	2.53375
7.554	2.5793
7.556	2.55508
7.558	2.55436
7.56	2.61081
7.562	2.58427
7.564	2.61747
7.566	2.60964
7.568	2.50102
7.57	2.49968
7.572	2.57953
7.574	2.61944
7.576	2.50979
7.578	2.65045
7.58	2.7029
7.582	2.56807
7.584	2.56619
7.586	2.36621
7.588	2.65834
7.59	2.4983
7.592	2.52879
7.594	2.48282
7.596	2.51439
7.598	2.52322
7.6	2.5527
7.602	2.48288
7.604	2.63035
7.606	2.50976
7.608	2.65843
7.61	2.43236
7.612	2.44211
7.614	2.51159
7.616	2.56254
7.618	2.43276
7.62	2.49632
7.622	2.44164
7.624	2.53983
7.626	2.46299
7.628	2.5509
7.63	2.41617
7.632	2.48373
7.634	2.49938
7.636	2.61263
7.638	2.51152
7.64	2.51169
7.642	2.64623
7.644	2.47763
7.646	2.49222
7.648	2.58531
7.65	2.43714
7.652	2.53753
7.654	2.52924
7.656	2.53924
7.658	2.4617
7.66	2.4817
7.662	2.53024
7.664	2.50105
7.666	2.46528
7.668	2.48248
7.67	2.44707
7.672	2.38125
7.674	2.44186
7.676	2.50061
7.678	2.34249
7.68	2.46154
7.682	2.48721
7.684	2.44894
7.686	2.32764
7.688	2.37734
7.69	2.30848
7.692	2.50112
7.694	2.3324
7.696	2.55419
7.698	2.46716
7.7	2.50276
7.702	2.45032
7.704	2.38404
7.706	2.32053
7.708	2.50704
7.71	2.35153
7.712	2.42043
7.714	2.28015
7.716	2.41577
7.718	2.33046
7.72	2.32567
7.722	2.42947
7.724	2.47206
7.726	2.41344
7.728	2.41105
7.73	2.29748
7.732	2.33972
7.734	2.41234
7.736	2.38553
7.738	2.35547
7.74	2.33629
7.742	2.35221
7.744	2.40935
7.746	2.41922
7.748	2.45151
7.75	2.39658
7.752	2.41121
7.754	2.46202
7.756	2.36319
7.758	2.43899
7.76	2.37167
7.762	2.29488
7.764	2.48693
7.766	2.52139
7.768	2.5384
7.77	2.32265
7.772	2.27545
7.774	2.40786
7.776	2.37803
7.778	2.43613
7.78	2.42097
7.782	2.39269
7.784	2.26557
7.786	2.22227
7.788	2.43459
7.79	2.27903
7.792	2.32397
7.794	2.38584
7.796	2.30301
7.798	2.33139
7.8	2.47445
7.802	2.36238
7.804	2.27229
7.806	2.37858
7.808	2.33648
7.81	2.04468
7.812	2.32986
7.814	2.35017
7.816	2.29254
7.818	2.23841
7.82	2.3656
7.822	2.38345
7.824	2.24011
7.826	2.31997
7.828	2.4149
7.83	2.25293
7.832	2.30231
7.834	2.36347
7.836	2.40821
7.838	2.22961
7.84	2.37152
7.842	2.26655
7.844	2.40306
7.846	2.33223
7.848	2.2913
7.85	2.19752
7.852	2.20518
7.854	2.30032
7.856	2.24493
7.858	2.16695
7.86	2.31561
7.862	2.19046
7.864	2.3235
7.866	2.18897
7.868	2.29519
7.87	2.20654
7.872	2.21176
7.874	2.2337
7.876	2.31498
7.878	2.2602
7.88	2.33059
7.882	2.20957
7.884	2.24569
7.886	2.17766
7.888	2.36073
7.89	2.20308
7.892	2.19473
7.894	2.26377
7.896	2.27859
7.898	2.23181
7.9	2.23772
7.902	2.25163
7.904	2.28818
7.906	2.22268
7.908	2.08664
7.91	2.0742
7.912	2.26624
7.914	2.16498
7.916	2.16666
7.918	2.19568
7.92	2.15677
7.922	2.18224
7.924	2.15703
7.926	2.10677
7.928	2.1515
7.93	2.07313
7.932	2.27922
7.934	2.11701
7.936	2.13537
7.938	2.02881
7.94	2.14172
7.942	2.28506
7.944	2.2877
7.946	2.1992
7.948	2.1084
7.95	2.07343
7.952	2.22904
7.954	2.2562
7.956	2.13157
7.958	2.20875
7.96	2.22506
7.962	2.24815
7.964	2.173
7.966	2.07902
7.968	2.2294
7.97	2.01526
7.972	2.19617
7.974	2.15519
7.976	2.12423
7.978	2.10783
7.98	2.14844
7.982	2.07108
7.984	2.16523
7.986	1.89444
7.988	2.16752
7.99	2.14807
7.992	2.10318
7.994	2.1201
7.996	2.15753
7.998	2.16981
8	2.08304
8.002	2.17392
8.004	2.00628
8.006	2.13937
8.008	2.11093
8.01	2.05268
8.012	2.12106
8.014	2.0459
8.016	2.15825
8.018	2.02401
8.02	2.0075
8.022	2.15536
8.024	2.1334
8.026	1.9747
8.028	2.08784
8.03	1.98835
8.032	2.03807
8.034	2.01711
8.036	2.1868
8.038	2.11117
8.04	1.92228
8.042	2.18861
8.044	2.15373
8.046	2.12743
8.048	2.11437
8.05	2.09541
8.052	2.06318
8.054	2.01083
8.056	2.07144
8.058	2.05288
8.06	2.11636
8.062	2.12119
8.064	2.10112
8.066	1.96291
8.068	1.96815
8.07	2.06914
8.072	2.02129
8.074	1.98394
8.076	2.02981
8.078	2.04281
8.08	2.12026
8.082	2.02706
8.084	1.98681
8.086	1.92096
8.088	2.05643
8.09	2.0266
8.092	1.99625
8.094	1.96012
8.096	1.96441
8.098	1.8854
8.1	1.94675
8.102	1.98249
8.104	2.05288
8.106	1.99966
8.108	2.00718
8.11	1.85621
8.112	1.89104
8.114	1.90985
8.116	1.99284
8.118	2.03671
8.12	1.98158
8.122	1.93863
8.124	1.95628
8.126	1.88359
8.128	1.92949
8.13	1.91021
8.132	1.9362
8.134	1.92847
8.136	1.95229
8.138	1.98956
8.14	1.98119
8.142	2.03953
8.144	1.96111
8.146	1.87107
8.148	1.93828
8.15	1.97315
8.152	1.85324
8.154	1.99125
8.156	1.92847
8.158	1.94782
8.16	1.88501
8.162	1.76197
8.164	1.91913
8.166	1.90506
8.168	1.86578
8.17	1.98256
8.172	1.83044
8.174	1.92241
8.176	1.95689
8.178	2.00179
8.18	1.87425
8.182	2.0481
8.184	1.81639
8.186	1.85645
8.188	1.97788
8.19	1.95145
8.192	1.83814
8.194	1.92992
8.196	1.94476
8.198	2.04591
8.2	1.94441
8.202	1.86445
8.204	1.91466
8.206	1.91923
8.208	1.96574
8.21	1.69626
8.212	1.95652
8.214	2.00194
8.216	1.83174
8.218	1.92917
8.22	1.95172
8.222	1.82089
8.224	1.9587
8.226	1.93607
8.228	1.82626
8.23	1.83602
8.232	1.87556
8.234	1.91614
8.236	1.86868
8.238	1.81476
8.24	1.80981
8.242	1.92844
8.244	1.94704
8.246	1.8982
8.248	1.87918
8.25	1.83056
8.252	1.92215
8.254	1.91047
8.256	1.90078
8.258	1.89469
8.26	1.8854
8.262	1.76293
8.264	1.96927
8.266	1.92994
8.268	1.83151
8.27	1.74045
8.272	1.89173
8.274	1.97101
8.276	1.86481
8.278	1.98433
8.28	1.8813
8.282	1.99175
8.284	1.83601
8.286	1.87427
8.288	1.89219
8.29	1.80367
8.292	1.87534
8.294	1.74793
8.296	1.92617
8.298	1.95615
8.3	1.85487
8.302	1.90174
8.304	1.83024
8.306	1.90875
8.308	1.93746
8.31	1.7831
8.312	1.95135
8.314	2.01806
8.316	1.90576
8.318	1.76487
8.32	1.85579
8.322	1.83166
8.324	1.80315
8.326	1.88249
8.328	1.76419
8.33	1.80673
8.332	1.86242
8.334	1.81044
8.336	1.78025
8.338	1.79725
8.34	1.78206
8.342	1.83585
8.344	1.76601
8.346	1.76362
8.348	1.70003
8.35	1.81799
8.352	1.74074
8.354	1.78196
8.356	1.84839
8.358	1.7945
8.36	1.82749
8.362	1.86578
8.364	1.82758
8.366	1.81616
8.368	1.74502
8.37	1.73891
8.372	1.81017
8.374	1.78556
8.376	1.76008
8.378	1.74335
8.38	1.81131
8.382	1.80178
8.384	1.76094
8.386	1.66858
8.388	1.9038
8.39	1.78719
8.392	1.74386
8.394	1.84046
8.396	1.91656
8.398	1.75467
8.4	1.77809
8.402	1.68952
8.404	1.71162
8.406	1.76875
8.408	1.78185
8.41	1.82485
8.412	1.7826
8.414	1.75422
8.416	1.72676
8.418	1.93204
8.42	1.74912
8.422	1.73233
8.424	1.77705
8.426	1.84392
8.428	1.64436
8.43	1.75711
8.432	1.75592
8.434	1.74264
8.436	1.86928
8.438	1.78934
8.44	1.68404
8.442	1.64057
8.444	1.68799
8.446	1.65239
8.448	1.64299
8.45	1.78346
8.452	1.73014
8.454	1.69076
8.456	1.85364
8.458	1.77683
8.46	1.72238
8.462	1.8301
8.464	1.69251
8.466	1.72441
8.468	1.72884
8.47	1.744
8.472	1.77893
8.474	1.7262
8.476	1.7374
8.478	1.70896
8.48	1.68753
8.482	1.666
8.484	1.62139
8.486	1.60413
8.488	1.78042
8.49	1.71593
8.492	1.66238
8.494	1.63218
8.496	1.72893
8.498	1.70564
8.5	1.69888
8.502	1.64325
8.504	1.75842
8.506	1.64781
8.508	1.72307
8.51	1.63927
8.512	1.69946
8.514	1.68156
8.516	1.6918
8.518	1.67308
8.52	1.69933
8.522	1.65433
8.524	1.64235
8.526	1.6469
8.528	1.70064
8.53	1.66677
8.532	1.68948
8.534	1.72108
8.536	1.76169
8.538	1.71048
8.54	1.6029
8.542	1.73405
8.544	1.65447
8.546	1.62097
8.548	1.67808
8.55	1.66971
8.552	1.63816
8.554	1.73633
8.556	1.55223
8.558	1.63363
8.56	1.57506
8.562	1.48938
8.564	1.50518
8.566	1.58249
8.568	1.61474
8.57	1.64133
8.572	1.55685
8.574	1.75315
8.576	1.67755
8.578	1.60749
8.58	1.53461
8.582	1.57003
8.584	1.46265
8.586	1.57073
8.588	1.64057
8.59	1.53346
8.592	1.52782
8.594	1.60073
8.596	1.71018
8.598	1.60856
8.6	1.59822
8.602	1.59206
8.604	1.60794
8.606	1.59092
8.608	1.69312
8.61	1.40567
8.612	1.74296
8.614	1.78485
8.616	1.69665
8.618	1.75654
8.62	1.73997
8.622	1.69827
8.624	1.54574
8.626	1.58012
8.628	1.60157
8.63	1.6646
8.632	1.69548
8.634	1.56184
8.636	1.66112
8.638	1.64453
8.64	1.63804
8.642	1.63029
8.644	1.52303
8.646	1.60899
8.648	1.66461
8.65	1.62045
8.652	1.74537
8.654	1.5805
8.656	1.60983
8.658	1.60115
8.66	1.63043
8.662	1.44343
8.664	1.7483
8.666	1.55401
8.668	1.57624
8.67	1.59079
8.672	1.51277
8.674	1.63601
8.676	1.59328
8.678	1.69742
8.68	1.55083
8.682	1.46971
8.684	1.46472
8.686	1.56232
8.688	1.58655
8.69	1.5111
8.692	1.53588
8.694	1.62182
8.696	1.70535
8.698	1.60318
8.7	1.47633
8.702	1.48433
8.704	1.52623
8.706	1.56741
8.708	1.4986
8.71	1.54824
8.712	1.60193
8.714	1.58989
8.716	1.57564
8.718	1.58522
8.72	1.59057
8.722	1.59837
8.724	1.57447
8.726	1.59431
8.728	1.59333
8.73	1.59897
8.732	1.5806
8.734	1.50442
8.736	1.46306
8.738	1.37363
8.74	1.53176
8.742	1.54961
8.744	1.54432
8.746	1.44153
8.748	1.37899
8.75	1.55651
8.752	1.53183
8.754	1.50802
8.756	1.58871
8.758	1.49722
8.76	1.60611
8.762	1.57485
8.764	1.54329
8.766	1.56383
8.768	1.50048
8.77	1.43361
8.772	1.58873
8.774	1.57791
8.776	1.65477
8.778	1.48839
8.78	1.46241
8.782	1.40229
8.784	1.5802
8.786	1.30989
8.788	1.61576
8.79	1.4691
8.792	1.46793
8.794	1.47785
8.796	1.57856
8.798	1.59493
8.8	1.53236
8.802	1.48268
8.804	1.51407
8.806	1.58469
8.808	1.49671
8.81	1.56365
8.812	1.54675
8.814	1.54028
8.816	1.47562
8.818	1.46212
8.82	1.43951
8.822	1.41277
8.824	1.5009
8.826	1.46957
8.828	1.49442
8.83	1.50432
8.832	1.47299
8.834	1.51781
8.836	1.62941
8.838	1.47923
8.84	1.46947
8.842	1.401
8.844	1.44892
8.846	1.39413
8.848	1.55796
8.85	1.43521
8.852	1.45819
8.854	1.52977
8.856	1.43629
8.858	1.50203
8.86	1.40978
8.862	1.42721
8.864	1.56582
8.866	1.35969
8.868	1.46958
8.87	1.41001
8.872	1.52622
8.874	1.51571
8.876	1.5272
8.878	1.45276
8.88	1.44476
8.882	1.47554
8.884	1.44731
8.886	1.25122
8.888	1.48115
8.89	1.45558
8.892	1.47066
8.894	1.57525
8.896	1.46977
8.898	1.3646
8.9	1.39783
8.902	1.49318
8.904	1.4986
8.906	1.46312
8.908	1.52148
8.91	1.33633
8.912	1.45865
8.914	1.48608
8.916	1.54661
8.918	1.42281
8.92	1.50314
8.922	1.49434
8.924	1.39584
8.926	1.38447
8.928	1.49662
8.93	1.42599
8.932	1.55834
8.934	1.50104
8.936	1.4785
8.938	1.40452
8.94	1.48833
8.942	1.47948
8.944	1.40637
8.946	1.37459
8.948	1.48506
8.95	1.30552
8.952	1.38369
8.954	1.51801
8.956	1.43253
8.958	1.51309
8.96	1.29191
8.962	1.2877
8.964	1.3151
8.966	1.4141
8.968	1.42014
8.97	1.49949
8.972	1.41733
8.974	1.3618
8.976	1.42315
8.978	1.43089
8.98	1.38727
8.982	1.37716
8.984	1.43593
8.986	1.31067
8.988	1.51082
8.99	1.34176
8.992	1.49703
8.994	1.35279
8.996	1.48994
8.998	1.39629
9	1.34883
9.002	1.33048
9.004	1.30908
9.006	1.3845
9.008	1.38599
9.01	1.20316
9.012	1.5492
9.014	1.46878
9.016	1.44278
9.018	1.45201
9.02	1.40571
9.022	1.39191
9.024	1.27826
9.026	1.34034
9.028	1.25494
9.03	1.43291
9.032	1.42296
9.034	1.39065
9.036	1.36375
9.038	1.3015
9.04	1.32823
9.042	1.3454
9.044	1.30999
9.046	1.32135
9.048	1.38631
9.05	1.41485
9.052	1.43239
9.054	1.28421
9.056	1.34793
9.058	1.29123
9.06	1.33201
9.062	1.20623
9.064	1.31846
9.066	1.3374
9.068	1.33543
9.07	1.2463
9.072	1.3223
9.074	1.40661
9.076	1.34316
9.078	1.39192
9.08	1.29259
9.082	1.21809
9.084	1.32312
9.086	1.43953
9.088	1.41672
9.09	1.41758
9.092	1.3262
9.094	1.36818
9.096	1.25571
9.098	1.23919
9.1	1.29006
9.102	1.26031
9.104	1.37008
9.106	1.26567
9.108	1.31732
9.11	1.34251
9.112	1.32924
9.114	1.34011
9.116	1.41045
9.118	1.2586
9.12	1.23315
9.122	1.15912
9.124	1.27951
9.126	1.2112
9.128	1.37206
9.13	1.32669
9.132	1.34114
9.134	1.24233
9.136	1.2632
9.138	1.0706
9.14	1.29065
9.142	1.26638
9.144	1.35509
9.146	1.21865
9.148	1.26992
9.15	1.31285
9.152	1.40608
9.154	1.31067
9.156	1.43663
9.158	1.31888
9.16	1.35627
9.162	1.3622
9.164	1.32371
9.166	1.32214
9.168	1.26715
9.17	1.24172
9.172	1.32352
9.174	1.26012
9.176	1.31603
9.178	1.27683
9.18	1.25974
9.182	1.32179
9.184	1.29428
9.186	1.15482
9.188	1.36249
9.19	1.24381
9.192	1.39114
9.194	1.34884
9.196	1.22159
9.198	1.17188
9.2	1.20897
9.202	1.28568
9.204	1.30383
9.206	1.25763
9.208	1.33276
9.21	1.21909
9.212	1.37952
9.214	1.34211
9.216	1.36617
9.218	1.32389
9.22	1.32253
9.222	1.35185
9.224	1.24904
9.226	1.32064
9.228	1.29822
9.23	1.29111
9.232	1.32029
9.234	1.32854
9.236	1.45392
9.238	1.31564
9.24	1.31189
9.242	1.28933
9.244	1.26608
9.246	1.25562
9.248	1.34377
9.25	1.22987
9.252	1.35185
9.254	1.23932
9.256	1.33745
9.258	1.30276
9.26	1.22359
9.262	1.20649
9.264	1.31544
9.266	1.18229
9.268	1.26215
9.27	1.27302
9.272	1.30761
9.274	1.30921
9.276	1.32266
9.278	1.26336
9.28	1.2047
9.282	1.25483
9.284	1.38638
9.286	1.13697
9.288	1.45907
9.29	1.17345
9.292	1.37545
9.294	1.26663
9.296	1.30423
9.298	1.04647
9.3	1.23136
9.302	1.30251
9.304	1.32759
9.306	1.23195
9.308	1.3189
9.31	1.20089
9.312	1.20618
9.314	1.29704
9.316	1.25405
9.318	1.30097
9.32	1.25953
9.322	1.1925
9.324	1.30791
9.326	1.25622
9.328	1.24421
9.33	1.29572
9.332	1.2464
9.334	1.26203
9.336	1.27006
9.338	1.2491
9.34	1.26426
9.342	1.20049
9.344	1.28065
9.346	1.25075
9.348	1.14178
9.35	1.19349
9.352	1.2949
9.354	1.29144
9.356	1.333
9.358	1.18018
9.36	1.1496
9.362	0.999546
9.364	1.1942
9.366	1.20251
9.368	1.19556
9.37	1.17362
9.372	1.40544
9.374	1.23235
9.376	1.28916
9.378	1.15058
9.38	1.28104
9.382	1.12797
9.384	1.23839
9.386	1.13796
9.388	1.38297
9.39	1.15156
9.392	1.35382
9.394	1.26911
9.396	1.19246
9.398	1.06097
9.4	1.22102
9.402	1.21506
9.404	1.24919
9.406	1.18161
9.408	1.1386
9.41	1.10409
9.412	1.34467
9.414	1.14656
9.416	1.18398
9.418	1.11887
9.42	1.18529
9.422	1.1709
9.424	1.14958
9.426	1.06534
9.428	1.21686
9.43	1.17914
9.432	1.14486
9.434	1.07187
9.436	1.14333
9.438	1.15304
9.44	1.06041
9.442	1.06412
9.444	1.16021
9.446	1.15376
9.448	1.17258
9.45	1.12185
9.452	1.24843
9.454	1.14812
9.456	1.11171
9.458	1.10505
9.46	1.10747
9.462	1.04497
9.464	1.21003
9.466	1.1543
9.468	1.15284
9.47	1.15095
9.472	1.23484
9.474	1.12133
9.476	1.07332
9.478	1.19987
9.48	1.1126
9.482	1.16553
9.484	1.25071
9.486	1.12549
9.488	1.15138
9.49	1.06266
9.492	1.2325
9.494	1.07448
9.496	1.20551
9.498	1.17575
9.5	1.18332
9.502	1.03662
9.504	1.259
9.506	1.10441
9.508	1.18473
9.51	1.0956
9.512	1.21125
9.514	1.24524
9.516	1.21841
9.518	1.13014
9.52	1.23947
9.522	1.09386
9.524	1.19012
9.526	1.1576
9.528	1.17495
9.53	1.16884
9.532	1.27874
9.534	1.0651
9.536	1.06554
9.538	0.943383
9.54	1.19138
9.542	1.07084
9.544	1.2594
9.546	1.12882
9.548	1.30447
9.55	1.23282
9.552	1.20817
9.554	1.28422
9.556	1.23818
9.558	1.16899
9.56	1.14627
9.562	1.05574
9.564	1.21832
9.566	1.07252
9.568	1.15306
9.57	1.14928
9.572	1.08072
9.574	1.18074
9.576	1.13442
9.578	1.17082
9.58	1.17114
9.582	1.17958
9.584	1.13045
9.586	0.927318
9.588	1.23589
9.59	1.07888
9.592	1.15706
9.594	1.10679
9.596	1.07002
9.598	1.044
9.6	0.977704
9.602	1.09229
9.604	1.1284
9.606	1.18316
9.608	1.15483
9.61	1.05834
9.612	1.14926
9.614	1.14529
9.616	1.13919
9.618	1.12629
9.62	1.16911
9.622	1.11716
9.624	1.08582
9.626	1.08773
9.628	1.06186
9.63	1.0871
9.632	1.15676
9.634	1.04376
9.636	1.26808
9.638	1.16634
9.64	1.12407
9.642	1.10634
9.644	1.05206
9.646	1.03672
9.648	1.05497
9.65	1.05667
9.652	1.0926
9.654	0.992796
9.656	1.12704
9.658	1.04947
9.66	1.04767
9.662	1.00119
9.664	1.18703
9.666	1.07299
9.668	1.06814
9.67	0.917675
9.672	1.13221
9.674	1.01401
9.676	1.09344
9.678	1.03895
9.68	1.00155
9.682	1.03784
9.684	1.04934
9.686	1.02647
9.688	1.15142
9.69	0.957594
9.692	1.14343
9.694	1.10194
9.696	1.04086
9.698	1.02476
9.7	1.06992
9.702	1.12844
9.704	1.11078
9.706	1.11548
9.708	1.0541
9.71	1.07864
9.712	1.12371
9.714	1.15576
9.716	1.09543
9.718	1.00328
9.72	1.10039
9.722	1.10226
9.724	1.10998
9.726	1.06576
9.728	1.0366
9.73	1.10287
9.732	1.15158
9.734	1.08869
9.736	1.09811
9.738	1.13366
9.74	1.07096
9.742	0.971336
9.744	1.02286
9.746	1.12077
9.748	0.995824
9.75	1.03754
9.752	1.08879
9.754	1.14995
9.756	0.983698
9.758	1.02642
9.76	1.02542
9.762	0.827163
9.764	1.0206
9.766	0.982013
9.768	1.13262
9.77	0.924604
9.772	1.17482
9.774	1.07565
9.776	1.11112
9.778	1.00968
9.78	1.18275
9.782	1.1329
9.784	1.1998
9.786	0.926854
9.788	1.20047
9.79	1.07836
9.792	1.21884
9.794	1.09394
9.796	1.018
9.798	0.954483
9.8	1.20257
9.802	1.10259
9.804	1.00516
9.806	1.15159
9.808	1.18564
9.81	0.942444
9.812	1.28075
9.814	1.08731
9.816	1.12887
9.818	1.10753
9.82	1.08271
9.822	1.08813
9.824	1.07505
9.826	1.08098
9.828	1.14831
9.83	1.01425
9.832	1.16588
9.834	1.0892
9.836	1.12888
9.838	1.02887
9.84	1.04304
9.842	1.06494
9.844	1.11107
9.846	1.08816
9.848	1.0566
9.85	1.13399
9.852	1.1855
9.854	1.15247
9.856	1.04398
9.858	1.10027
9.86	1.02073
9.862	0.980876
9.864	1.08631
9.866	1.02304
9.868	1.06287
9.87	0.934416
9.872	1.14644
9.874	1.06378
9.876	1.05683
9.878	1.07708
9.88	0.985309
9.882	1.1317
9.884	1.133
9.886	1.06305
9.888	1.07874
9.89	1.06701
9.892	1.15827
9.894	1.0907
9.896	1.05523
9.898	1.15334
9.9	1.17326
9.902	1.11889
9.904	1.11212
9.906	1.00311
9.908	1.08155
9.91	1.02626
9.912	1.25914
9.914	1.19426
9.916	1.04507
9.918	1.02764
9.92	1.06341
9.922	0.993403
9.924	1.05327
9.926	1.02563
9.928	1.15389
9.93	1.0082
9.932	1.01935
9.934	1.03258
9.936	1.058
9.938	0.845361
9.94	1.02091
9.942	1.04927
9.944	1.08407
9.946	1.05286
9.948	1.07079
9.95	0.967273
9.952	1.0804
9.954	0.962322
9.956	1.03263
9.958	1.00038
9.96	1.09016
9.962	0.910951
9.964	1.09219
9.966	1.08481
9.968	1.10075
9.97	1.0592
9.972	1.08625
9.974	0.988345
9.976	1.04812
9.978	1.043
9.98	1.02353
9.982	0.972538
9.984	0.953811
9.986	0.885723
9.988	1.02589
9.99	1.02213
9.992	1.09567
9.994	1.0004
9.996	1.07377
9.998	0.958456
10	1.11265
10.002	1.03913
10.004	1.03338
10.006	0.963157
10.008	1.0536
10.01	1.00854
10.012	1.12273
10.014	1.05465
10.016	0.988585
10.018	0.966375
10.02	1.05965
10.022	1.02293
10.024	1.02391
10.026	0.906809
10.028	1.07736
10.03	1.06108
10.032	1.08333
10.034	1.09552
10.036	1.25898
10.038	1.04927
10.04	1.09131
10.042	1.01745
10.044	1.09247
10.046	1.11815
10.048	1.12554
10.05	0.961893
10.052	1.03202
10.054	1.11517
10.056	1.13575
10.058	0.959399
10.06	1.09361
10.062	0.973113
10.064	1.08496
10.066	1.04315
10.068	1.18425
10.07	1.00427
10.072	1.08006
10.074	1.0901
10.076	1.02872
10.078	1.03028
10.08	1.09158
10.082	1.0321
10.084	0.971492
10.086	0.926625
10.088	1.10219
10.09	1.05678
10.092	1.10496
10.094	1.04668
10.096	1.01081
10.098	0.970878
10.1	1.18162
10.102	1.05035
10.104	0.992872
10.106	1.06472
10.108	1.10064
10.11	0.964359
10.112	1.20494
10.114	1.06348
10.116	0.95077
10.118	0.957679
10.12	1.03827
10.122	1.0949
10.124	1.06256
10.126	0.993035
10.128	1.06424
10.13	1.01822
10.132	1.01505
10.134	1.08521
10.136	1.04647
10.138	1.03394
10.14	1.15191
10.142	0.852501
10.144	0.918235
10.146	1.08767
10.148	1.06021
10.15	0.895084
10.152	1.02648
10.154	1.20317
10.156	1.08118
10.158	0.971113
10.16	1.00179
10.162	0.861274
10.164	1.09876
10.166	0.989183
10.168	1.05124
10.17	0.931812
10.172	1.05376
10.174	1.02317
10.176	1.00635
10.178	0.928803
10.18	1.07773
10.182	0.935637
10.184	0.974635
10.186	0.990383
10.188	1.13187
10.19	0.892565
10.192	1.09043
10.194	1.06591
10.196	1.01522
10.198	0.956038
10.2	1.08278
10.202	0.918019
10.204	0.998608
10.206	0.930828
10.208	1.05757
10.21	0.773486
10.212	1.14133
10.214	1.12643
10.216	0.964397
10.218	0.891054
10.22	1.02512
10.222	0.954034
10.224	0.962505
10.226	1.03586
10.228	1.06224
10.23	0.99537
10.232	1.03413
10.234	1.04826
10.236	0.995695
10.238	1.02457
10.24	1.07075
10.242	0.953261
10.244	1.00294
10.246	1.03242
10.248	1.12203
10.25	0.913602
10.252	1.15395
10.254	1.06117
10.256	1.0152
10.258	1.0447
10.26	0.984193
10.262	0.837369
10.264	1.09439
10.266	1.0367
10.268	1.02326
10.27	0.917361
10.272	1.04472
10.274	1.06345
10.276	0.996085
10.278	0.991416
10.28	1.11278
10.282	0.955522
10.284	0.979573
10.286	1.01201
10.288	1.08586
10.29	0.922844
10.292	1.05739
10.294	0.982671
10.296	0.917278
10.298	0.919301
10.3	1.03416
10.302	0.873664
10.304	1.00416
10.306	0.854739
10.308	0.997519
10.31	0.887676
10.312	1.10111
10.314	1.08499
10.316	0.964565
10.318	0.929494
10.32	1.08063
10.322	0.947556
10.324	0.952263
10.326	1.01954
10.328	0.941803
10.33	0.859315
10.332	1.03207
10.334	1.0219
10.336	0.775737
10.338	0.758073
10.34	0.933526
10.342	0.945021
10.344	0.999806
10.346	0.896816
10.348	0.924167
10.35	0.946645
10.352	1.0396
10.354	0.919435
10.356	1.02066
10.358	0.915494
10.36	1.01057
10.362	0.896549
10.364	1.00752
10.366	0.99322
10.368	0.935916
10.37	0.923916
10.372	0.968694
10.374	1.04587
10.376	0.909267
10.378	0.842391
10.38	1.0017
10.382	0.949639
10.384	0.996463
10.386	0.772764
10.388	1.09482
10.39	0.907613
10.392	1.10651
10.394	1.03966
10.396	0.922983
10.398	0.943171
10.4	1.07235
10.402	0.956762
10.404	0.91884
10.406	0.948919
10.408	1.00291
10.41	0.951395
10.412	0.947823
10.414	0.95972
10.416	0.907009
10.418	0.941934
10.42	0.970294
10.422	0.993539
10.424	0.91625
10.426	0.937385
10.428	1.00538
10.43	0.855337
10.432	0.921708
10.434	0.991689
10.436	1.05344
10.438	0.968442
10.44	1.10377
10.442	0.853115
10.444	0.935919
10.446	0.862227
10.448	1.00199
10.45	0.951525
10.452	0.955168
10.454	0.983213
10.456	0.903289
10.458	0.952932
10.46	1.02787
10.462	0.887357
10.464	1.05013
10.466	0.94537
10.468	0.97713
10.47	0.944144
10.472	0.835364
10.474	0.974631
10.476	0.935113
10.478	0.987261
10.48	1.03359
10.482	0.79922
10.484	0.853604
10.486	0.936031
10.488	1.03429
10.49	0.878585
10.492	0.988325
10.494	0.991604
10.496	0.843312
10.498	0.994434
10.5	0.984097
10.502	0.893499
10.504	0.864662
10.506	0.972072
10.508	0.988073
10.51	0.913257
10.512	1.01815
10.514	0.923433
10.516	0.921676
10.518	0.873399
10.52	0.936398
10.522	0.81458
10.524	0.805322
10.526	0.847443
10.528	0.840699
10.53	0.784771
10.532	1.01256
10.534	1.02091
10.536	0.91948
10.538	0.943506
10.54	0.976354
10.542	0.841884
10.544	0.979385
10.546	0.888874
10.548	0.84649
10.55	0.76305
10.552	0.92022
10.554	0.891871
10.556	0.923397
10.558	0.866639
10.56	0.737273
10.562	0.711703
10.564	0.794256
10.566	0.884802
10.568	0.857506
10.57	0.856072
10.572	0.963934
10.574	1.00742
10.576	0.952848
10.578	0.925548
10.58	1.02373
10.582	0.932765
10.584	0.89107
10.586	0.854491
10.588	0.90825
10.59	0.816418
10.592	0.982798
10.594	0.970916
10.596	0.921774
10.598	0.953612
10.6	0.879987
10.602	0.860127
10.604	0.753216
10.606	0.873529
10.608	0.757951
10.61	0.713611
10.612	0.976413
10.614	0.932124
10.616	0.833433
10.618	0.861511
10.62	0.95576
10.622	0.78827
10.624	0.843516
10.626	0.940346
10.628	0.989539
10.63	0.772552
10.632	0.939171
10.634	0.981134
10.636	1.00857
10.638	0.994128
10.64	0.891201
10.642	0.782404
10.644	0.842992
10.646	0.825148
10.648	0.855188
10.65	0.76961
10.652	1.00912
10.654	0.921848
10.656	0.815156
10.658	0.828493
10.66	0.9185
10.662	0.699993
10.664	0.8695
10.666	0.89551
10.668	0.963609
10.67	0.81792
10.672	0.985322
10.674	0.871798
10.676	0.869543
10.678	0.840922
10.68	0.937824
10.682	0.742436
10.684	0.891055
10.686	0.858591
10.688	0.912978
10.69	0.857776
10.692	0.956842
10.694	0.992272
10.696	0.925746
10.698	0.896762
10.7	0.955295
10.702	0.86552
10.704	0.895603
10.706	0.909392
10.708	0.875005
10.71	0.815109
10.712	0.888637
10.714	0.902906
10.716	0.906786
10.718	0.876273
10.72	0.911654
10.722	0.79884
10.724	0.804305
10.726	0.752713
10.728	0.773107
10.73	0.885506
10.732	0.812911
10.734	0.988659
10.736	0.761263
10.738	0.747322
10.74	0.9286
10.742	0.840716
10.744	0.862395
10.746	0.840332
10.748	0.795215
10.75	0.824393
10.752	0.931516
10.754	0.86325
10.756	0.860458
10.758	0.817703
10.76	0.938163
10.762	0.785418
10.764	0.891163
10.766	0.770773
10.768	0.819008
10.77	0.823106
10.772	0.921061
10.774	0.894645
10.776	0.839067
10.778	0.89798
10.78	1.01443
10.782	0.763516
10.784	0.763907
10.786	0.6422
10.788	0.838724
10.79	0.866408
10.792	0.859369
10.794	0.827399
10.796	0.85183
10.798	0.786107
10.8	0.921224
10.802	0.790106
10.804	0.792795
10.806	0.912143
10.808	0.858735
10.81	0.772764
10.812	0.875626
10.814	0.857231
10.816	0.846186
10.818	0.908909
10.82	0.938028
10.822	0.808046
10.824	0.825554
10.826	0.794426
10.828	0.910809
10.83	0.834767
10.832	0.901512
10.834	0.935794
10.836	0.997438
10.838	0.888582
10.84	0.898678
10.842	0.872229
10.844	0.788816
10.846	0.730846
10.848	0.828585
10.85	0.723793
10.852	0.976734
10.854	0.896161
10.856	0.840264
10.858	0.858965
10.86	0.840794
10.862	0.798415
10.864	0.834112
10.866	0.812869
10.868	0.828637
10.87	0.74887
10.872	0.824955
10.874	0.92644
10.876	0.917879
10.878	0.817708
10.88	0.947075
10.882	0.779094
10.884	0.722119
10.886	0.694443
10.888	0.875855
10.89	0.855607
10.892	0.7908
10.894	0.886956
10.896	0.844821
10.898	0.934174
10.9	0.899002
10.902	0.823504
10.904	0.746117
10.906	0.838021
10.908	0.817529
10.91	0.751859
10.912	0.843268
10.914	0.878877
10.916	0.923002
10.918	0.896612
10.92	0.927402
10.922	0.809806
10.924	0.793635
10.926	0.870482
10.928	0.719026
10.93	0.821416
10.932	0.99804
10.934	0.957637
10.936	0.806121
10.938	0.941528
10.94	0.955732
10.942	0.84146
10.944	0.779899
10.946	0.967584
10.948	0.934035
10.95	0.821567
10.952	0.925787
10.954	0.934776
10.956	0.889096
10.958	0.859172
10.96	0.809289
10.962	0.733021
10.964	0.916268
10.966	0.947693
10.968	0.893925
10.97	0.703264
10.972	0.99147
10.974	0.883538
10.976	0.7778
10.978	0.875923
10.98	0.86172
10.982	0.868759
10.984	0.881807
10.986	0.783704
10.988	0.815317
10.99	0.890722
10.992	0.93612
10.994	0.903534
10.996	0.919967
10.998	1.01658
11	0.996067
11.002	0.723722
11.004	0.945291
11.006	0.94008
11.008	0.899839
11.01	0.627284
11.012	0.988258
11.014	0.984514
11.016	0.975191
11.018	0.90234
11.02	0.923475
11.022	0.896241
11.024	0.878301
11.026	0.876572
11.028	0.812884
11.03	0.821093
11.032	0.943936
11.034	0.904217
11.036	0.952298
11.038	0.980727
11.04	0.851327
11.042	0.824806
11.044	0.932875
11.046	0.842129
11.048	0.843358
11.05	0.796616
11.052	0.867728
11.054	0.804829
11.056	0.934914
11.058	0.81005
11.06	0.970204
11.062	0.674594
11.064	0.946213
11.066	0.805046
11.068	0.816448
11.07	0.822859
11.072	0.829687
11.074	0.940538
11.076	0.948943
11.078	0.965953
11.08	0.90988
11.082	0.832055
11.084	0.861933
11.086	0.891402
11.088	0.820294
11.09	0.763688
11.092	0.928716
11.094	0.883463
11.096	0.932377
11.098	0.895896
11.1	0.928137
11.102	0.750757
11.104	0.841155
11.106	0.818427
11.108	0.804509
11.11	0.731942
11.112	0.858632
11.114	0.999846
11.116	0.800553
11.118	0.941886
11.12	0.803738
11.122	0.862794
11.124	0.829956
11.126	0.815914
11.128	0.721781
11.13	0.82446
11.132	0.950807
11.134	0.986068
11.136	0.754313
11.138	0.725248
11.14	0.923014
11.142	0.803832
11.144	0.817635
11.146	0.768701
11.148	0.814379
11.15	0.765662
11.152	0.840802
11.154	0.90549
11.156	0.875141
11.158	0.828507
11.16	0.917836
11.162	0.805465
11.164	0.809746
11.166	0.920032
11.168	0.767074
11.17	0.878516
11.172	0.952114
11.174	0.977849
11.176	0.903625
11.178	4.31862
11.18	-2.87185
11.182	-2.58155
11.184	-2.57501
11.186	-2.63664
11.188	-2.22603
11.19	-2.40669
11.192	-2.2092
11.194	-2.12858
11.196	-2.17056
11.198	-2.20258
11.2	-2.2257
11.202	-2.21081
11.204	-2.19885
11.206	-2.33043
11.208	-2.14931
11.21	-2.21179
11.212	-2.0778
11.214	-2.04778
11.216	-2.01593
11.218	-2.0458
11.22	-1.9817
11.222	-2.15815
11.224	-1.95704
11.226	-2.04684
11.228	-2.01268
11.23	-2.14029
11.232	-1.88911
11.234	-1.89007
11.236	-1.85457
11.238	-1.99576
11.24	-1.8962
11.242	-1.97848
11.244	-2.09829
11.246	-2.17158
11.248	-2.04059
11.25	-2.14966
11.252	-2.09081
11.254	-1.89473
11.256	-2.03034
11.258	-1.9943
11.26	-1.84702
11.262	-1.94217
11.264	-1.97261
11.266	-2.03659
11.268	-1.93094
11.27	-1.96132
11.272	-1.91525
11.274	-1.74343
11.276	-1.8601
11.278	-1.84223
11.28	-1.89951
11.282	-1.97574
11.284	-2.01508
11.286	-1.9867
11.288	-1.86897
11.29	-1.90532
11.292	-1.7896
11.294	-1.92392
11.296	-1.87683
11.298	-1.90305
11.3	-1.84691
11.302	-1.92327
11.304	-1.92809
11.306	-1.92952
11.308	-1.95443
11.31	-1.91306
11.312	-1.84737
11.314	-1.75762
11.316	-1.87223
11.318	-1.74886
11.32	-1.84051
11.322	-1.93201
11.324	-1.91973
11.326	-1.83203
11.328	-1.94434
11.33	-1.80748
11.332	-1.79121
11.334	-1.86285
11.336	-1.79089
11.338	-1.72138
11.34	-1.80886
11.342	-1.89401
11.344	-1.93958
11.346	-1.88854
11.348	-1.80245
11.35	-1.92024
11.352	-1.72153
11.354	-1.7173
11.356	-1.79155
11.358	-1.81338
11.36	-2.00932
11.362	-1.89881
11.364	-1.82867
11.366	-1.80071
11.368	-1.88559
11.37	-1.85492
11.372	-1.83654
11.374	-1.96186
11.376	-1.98297
11.378	-1.82418
11.38	-1.92288
11.382	-1.87229
11.384	-2.09069
11.386	-2.02137
11.388	-1.89439
11.39	-1.89205
11.392	-1.79981
11.394	-1.80063
11.396	-1.81915
11.398	-1.81926
