0	-0.581729
0.002	-0.609586
0.004	-0.584803
0.006	-0.438603
0.008	-0.391376
0.01	-0.418339
0.012	-0.513519
0.014	-0.307257
0.016	-0.668727
0.018	-0.717863
0.02	-0.854488
0.022	-0.559401
0.024	-0.441991
0.026	-0.328961
0.028	-0.404719
0.03	-0.407369
0.032	-0.448306
0.034	-0.348261
0.036	-0.441576
0.038	-0.564558
0.04	-0.586988
0.042	-0.423673
0.044	-0.48405
0.046	-0.461171
0.048	-0.249579
0.05	-0.214497
0.052	-0.349563
0.054	-0.35841
0.056	-0.545209
0.058	-0.533524
0.06	-0.6073
0.062	-0.470418
0.064	-0.240358
0.066	-0.227972
0.068	-0.268378
0.07	-0.227282
0.072	-0.26533
0.074	-0.0376817
0.076	-0.487041
0.078	-0.608836
0.08	-0.294715
0.082	-0.43218
0.084	-0.375746
0.086	-0.354834
0.088	-0.385725
0.09	-0.400897
0.092	-0.503391
0.094	-0.407252
0.096	-0.731702
0.098	-0.578291
0.1	-0.831268
0.102	-0.592606
0.104	-0.566385
0.106	-0.578096
0.108	-0.37791
0.11	-0.310343
0.112	-0.571185
0.114	-0.450012
0.116	-0.7151
0.118	-0.664249
0.12	-0.574754
0.122	-0.646034
0.124	-0.548305
0.126	-0.44422
0.128	-0.439835
0.13	-0.443963
0.132	-0.426939
0.134	-0.312413
0.136	-0.721149
0.138	-0.772724
0.14	-0.675589
0.142	-0.481851
0.144	-0.705773
0.146	-0.552493
0.148	-0.543317
0.15	-0.423666
0.152	-0.421415
0.154	-0.35175
0.156	-0.524283
0.158	-0.662368
0.16	-0.506728
0.162	-0.609899
0.164	-0.271373
0.166	-0.364279
0.168	-0.21563
0.17	-0.245835
0.172	-0.550457
0.174	-0.483887
0.176	-0.801502
0.178	-9.10046
0.18	12.2086
0.182	10.9123
0.184	10.6211
0.186	10.5984
0.188	10.8953
0.19	10.886
0.192	10.8619
0.194	10.8964
0.196	11.0433
0.198	10.9808
0.2	11.1316
0.202	11.2726
0.204	11.2741
0.206	11.4991
0.208	11.6795
0.21	11.7087
0.212	11.8422
0.214	11.8662
0.216	11.8107
0.218	11.8082
0.22	12.0644
0.222	12.1718
0.224	12.3434
0.226	12.6337
0.228	12.8561
0.23	12.9802
0.232	12.9756
0.234	13.0902
0.236	13.051
0.238	13.1284
0.24	13.2487
0.242	13.4793
0.244	13.5681
0.246	13.6528
0.248	13.9328
0.25	13.9652
0.252	14.1441
0.254	14.2575
0.256	14.1377
0.258	14.3022
0.26	14.6779
0.262	14.5787
0.264	14.7217
0.266	14.9112
0.268	15.2824
0.27	15.2829
0.272	15.3448
0.274	15.6678
0.276	15.7049
0.278	15.6014
0.28	16.0516
0.282	16.0721
0.284	16.2459
0.286	16.422
0.288	16.6215
0.29	16.7581
0.292	16.9548
0.294	17.0098
0.296	17.208
0.298	17.2043
0.3	17.5241
0.302	17.6133
0.304	17.7242
0.306	17.8814
0.308	18.3077
0.31	18.2168
0.312	18.4637
0.314	18.5698
0.316	18.4903
0.318	18.7201
0.32	19.1961
0.322	19.2084
0.324	19.556
0.326	19.6794
0.328	20.1041
0.33	20.1182
0.332	20.166
0.334	20.4355
0.336	20.2155
0.338	20.467
0.34	20.7463
0.342	20.8248
0.344	21.0625
0.346	21.6619
0.348	21.8421
0.35	21.9253
0.352	22.1244
0.354	22.2418
0.356	22.3322
0.358	22.4261
0.36	22.8294
0.362	22.7683
0.364	23.1584
0.366	23.4473
0.368	23.9813
0.37	23.8708
0.372	24.101
0.374	24.1691
0.376	24.3667
0.378	24.514
0.38	24.8198
0.382	25.0982
0.384	25.3275
0.386	25.6254
0.388	26.031
0.39	26.0159
0.392	26.226
0.394	26.4558
0.396	26.7225
0.398	26.6766
0.4	26.8832
0.402	27.1595
0.404	27.4019
0.406	27.9441
0.408	28.2365
0.41	28.1858
0.412	28.4522
0.414	28.933
0.416	28.8419
0.418	29.1881
0.42	29.4522
0.422	29.5821
0.424	29.7086
0.426	30.122
0.428	30.3825
0.43	30.5386
0.432	30.814
0.434	30.9966
0.436	31.1037
0.438	31.3634
0.44	31.9512
0.442	31.833
0.444	32.1323
0.446	32.5028
0.448	32.9459
0.45	33.0093
0.452	33.3418
0.454	33.735
0.456	33.7406
0.458	33.8802
0.46	34.0825
0.462	34.2683
0.464	34.5598
0.466	35.2134
0.468	35.51
0.47	35.5038
0.472	35.8438
0.474	36.1022
0.476	36.3115
0.478	36.3909
0.48	36.7881
0.482	37.0238
0.484	37.4335
0.486	37.5684
0.488	38.0831
0.49	38.196
0.492	38.5055
0.494	38.8539
0.496	38.8652
0.498	39.0692
0.5	39.3838
0.502	39.4195
0.504	40.0787
0.506	40.3447
0.508	40.7412
0.51	40.7434
0.512	41.0843
0.514	41.4271
0.516	41.5669
0.518	41.6071
0.52	42.3258
0.522	42.5137
0.524	42.7587
0.526	43.0835
0.528	43.4338
0.53	43.499
0.532	44.2897
0.534	44.1864
0.536	44.4167
0.538	44.4318
0.54	45.2614
0.542	45.3699
0.544	45.7429
0.546	46.2136
0.548	46.812
0.55	46.5781
0.552	46.7766
0.554	47.1136
0.556	47.2931
0.558	47.6447
0.56	48.0335
0.562	48.321
0.564	48.5027
0.566	49.0003
0.568	49.6297
0.57	49.3978
0.572	49.9357
0.574	50.1341
0.576	50.4023
0.578	50.8661
0.58	51.0291
0.582	51.2787
0.584	51.6067
0.586	51.9042
0.588	52.4735
0.59	52.7699
0.592	52.9586
0.594	53.4061
0.596	53.551
0.598	53.7117
0.6	54.0746
0.602	54.3806
0.604	54.5917
0.606	55.2322
0.608	55.5171
0.61	55.8214
0.612	56.1218
0.614	56.1927
0.616	56.3982
0.618	56.6729
0.62	57.3891
0.622	57.3698
0.624	57.7657
0.626	58.1935
0.628	58.488
0.63	58.7611
0.632	59.0964
0.634	59.4433
0.636	59.4767
0.638	59.705
0.64	60.1254
0.642	60.6609
0.644	60.9419
0.646	61.0751
0.648	61.4964
0.65	61.7802
0.652	62.0036
0.654	62.6389
0.656	62.7024
0.658	62.9455
0.66	63.2909
0.662	63.7623
0.664	63.9756
0.666	64.4805
0.668	64.8111
0.67	64.8165
0.672	65.4318
0.674	65.803
0.676	65.9962
0.678	66.268
0.68	66.6512
0.682	67.0746
0.684	67.1833
0.686	67.445
0.688	67.971
0.69	67.8013
0.692	68.5219
0.694	68.829
0.696	68.8288
0.698	69.0242
0.7	69.5641
0.702	69.7957
0.704	70.1006
0.706	70.6873
0.708	70.9657
0.71	70.9125
0.712	71.2953
0.714	71.8367
0.716	72.0134
0.718	72.2237
0.72	72.9125
0.722	72.8403
0.724	72.9619
0.726	73.4902
0.728	74.0649
0.73	74.2556
0.732	74.8562
0.734	75.3078
0.736	74.9051
0.738	75.1256
0.74	75.3911
0.742	75.7617
0.744	75.9056
0.746	76.3588
0.748	77.2683
0.75	77.241
0.752	77.728
0.754	77.7321
0.756	78.1297
0.758	78.2947
0.76	78.8576
0.762	78.9223
0.764	79.1519
0.766	79.5154
0.768	80.1507
0.77	80.3518
0.772	80.5253
0.774	80.6179
0.776	80.9427
0.778	81.2806
0.78	81.7104
0.782	82.2302
0.784	82.3345
0.786	82.7059
0.788	83.2853
0.79	83.4997
0.792	83.7226
0.794	84.2219
0.796	84.3914
0.798	84.284
0.8	84.7185
0.802	84.7823
0.804	85.5861
0.806	86.0991
0.808	86.1371
0.81	86.6516
0.812	86.9284
0.814	87.1685
0.816	87.4722
0.818	87.9113
0.82	88.1731
0.822	88.3397
0.824	88.3437
0.826	88.6013
0.828	89.4204
0.83	89.5793
0.832	89.9688
0.834	89.9485
0.836	90.0703
0.838	90.4943
0.84	90.8857
0.842	91.0567
0.844	91.6979
0.846	91.8579
0.848	92.4073
0.85	92.6255
0.852	92.7899
0.854	93.2255
0.856	93.7823
0.858	93.6988
0.86	93.7125
0.862	94.0327
0.864	94.2631
0.866	94.9138
0.868	95.1424
0.87	95.7462
0.872	95.6463
0.874	96.1604
0.876	96.6102
0.878	96.8781
0.88	97.2771
0.882	97.3332
0.884	97.6421
0.886	97.7722
0.888	98.5147
0.89	98.6104
0.892	98.956
0.894	99.5117
0.896	99.4871
0.898	99.6811
0.9	99.973
0.902	100.292
0.904	100.582
0.906	100.908
0.908	100.855
0.91	101.664
0.912	102.007
0.914	102.184
0.916	102.581
0.918	102.854
0.92	102.768
0.922	103.081
0.924	103.387
0.926	103.975
0.928	104.087
0.93	104.48
0.932	104.879
0.934	105.075
0.936	104.636
0.938	105.185
0.94	105.731
0.942	105.973
0.944	106.19
0.946	106.661
0.948	106.775
0.95	107.481
0.952	107.925
0.954	107.591
0.956	108.145
0.958	108.108
0.96	108.37
0.962	108.583
0.964	108.859
0.966	109.269
0.968	109.689
0.97	109.894
0.972	110.158
0.974	110.587
0.976	110.489
0.978	111.235
0.98	111.355
0.982	111.141
0.984	112.161
0.986	112.445
0.988	112.623
0.99	113.185
0.992	113.52
0.994	113.701
0.996	113.978
0.998	114.012
1	114.171
1.002	114.045
1.004	114.917
1.006	114.915
1.008	115.559
1.01	115.793
1.012	115.624
1.014	115.931
1.016	116.119
1.018	116.425
1.02	116.869
1.022	117.511
1.024	117.61
1.026	117.625
1.028	117.996
1.03	118.415
1.032	118.137
1.034	118.565
1.036	119.174
1.038	119.095
1.04	119.576
1.042	119.519
1.044	120.098
1.046	120.29
1.048	120.688
1.05	121.287
1.052	121.691
1.054	121.663
1.056	121.77
1.058	121.741
1.06	122.332
1.062	122.32
1.064	123.025
1.066	123.283
1.068	123.781
1.07	123.808
1.072	124.206
1.074	123.941
1.076	124.47
1.078	124.606
1.08	125.113
1.082	125.194
1.084	125.511
1.086	125.904
1.088	125.9
1.09	126.557
1.092	127.06
1.094	127.342
1.096	127.657
1.098	127.347
1.1	127.908
1.102	127.837
1.104	128.263
1.106	128.361
1.108	128.633
1.11	129.159
1.112	129.384
1.114	129.684
1.116	130.199
1.118	130.174
1.12	129.986
1.122	130.34
1.124	130.866
1.126	130.922
1.128	131.479
1.13	131.666
1.132	131.264
1.134	132.18
1.136	132.684
1.138	132.661
1.14	132.868
1.142	132.899
1.144	133.326
1.146	133.41
1.148	133.963
1.15	134.044
1.152	133.848
1.154	134.229
1.156	134.779
1.158	135.162
1.16	135.183
1.162	135.757
1.164	135.689
1.166	136.262
1.168	136.174
1.17	136.667
1.172	137.038
1.174	137.162
1.176	137.262
1.178	137.356
1.18	137.748
1.182	138.207
1.184	138.794
1.186	138.404
1.188	138.719
1.19	139.526
1.192	139.316
1.194	139.538
1.196	139.862
1.198	139.767
1.2	140.01
1.202	140.189
1.204	140.996
1.206	141.136
1.208	140.987
1.21	141.631
1.212	141.855
1.214	141.929
1.216	142.355
1.218	142.649
1.22	142.831
1.222	143.004
1.224	143.146
1.226	143.578
1.228	144.27
1.23	144.332
1.232	144.41
1.234	144.368
1.236	144.733
1.238	145.107
1.24	144.856
1.242	145.504
1.244	145.881
1.246	145.735
1.248	146.114
1.25	146.55
1.252	146.655
1.254	147.026
1.256	146.938
1.258	147.323
1.26	147.141
1.262	147.752
1.264	147.661
1.266	148.466
1.268	148.624
1.27	148.847
1.272	148.951
1.274	149.088
1.276	149.191
1.278	149.935
1.28	149.689
1.282	150.075
1.284	150.398
1.286	150.371
1.288	150.838
1.29	151.105
1.292	150.995
1.294	151.391
1.296	151.819
1.298	152.207
1.3	152.51
1.302	152.39
1.304	152.447
1.306	152.269
1.308	153.251
1.31	153.123
1.312	153.651
1.314	153.37
1.316	153.882
1.318	153.861
1.32	154.209
1.322	154.083
1.324	154.256
1.326	154.728
1.328	155.123
1.33	155.348
1.332	155.212
1.334	155.626
1.336	155.911
1.338	156.39
1.34	156.131
1.342	156.206
1.344	156.597
1.346	156.781
1.348	157.473
1.35	157.441
1.352	157.852
1.354	157.49
1.356	157.949
1.358	157.943
1.36	158.079
1.362	158.214
1.364	158.969
1.366	158.924
1.368	159.104
1.37	159.292
1.372	159.596
1.374	159.66
1.376	159.892
1.378	160.262
1.38	160.294
1.382	160.105
1.384	160.61
1.386	160.556
1.388	161.293
1.39	161.88
1.392	161.736
1.394	161.715
1.396	162.017
1.398	162.017
1.4	162.421
1.402	162.455
1.404	162.99
1.406	163.342
1.408	163.314
1.41	163.301
1.412	163.384
1.414	163.921
1.416	163.857
1.418	164.227
1.42	163.828
1.422	164.166
1.424	164.754
1.426	165.428
1.428	165.522
1.43	165.876
1.432	166.083
1.434	165.955
1.436	166.542
1.438	166.177
1.44	166.596
1.442	166.49
1.444	166.913
1.446	167.382
1.448	167.63
1.45	168.04
1.452	167.576
1.454	168.006
1.456	168.489
1.458	168.689
1.46	168.283
1.462	168.747
1.464	169.099
1.466	168.861
1.468	169.507
1.47	169.869
1.472	169.612
1.474	170.09
1.476	170.345
1.478	170.048
1.48	170.281
1.482	170.583
1.484	171.529
1.486	171.138
1.488	171.136
1.49	171.195
1.492	171.649
1.494	171.531
1.496	172.207
1.498	171.986
1.5	172.163
1.502	172.485
1.504	172.669
1.506	172.727
1.508	173.176
1.51	173.765
1.512	173.781
1.514	174.001
1.516	174.027
1.518	174.156
1.52	174.385
1.522	173.962
1.524	174.717
1.526	174.853
1.528	174.965
1.53	175.912
1.532	175.8
1.534	175.465
1.536	176.112
1.538	176.308
1.54	175.609
1.542	176.058
1.544	176.507
1.546	176.785
1.548	177.023
1.55	177.527
1.552	177.412
1.554	177.596
1.556	177.721
1.558	177.698
1.56	177.278
1.562	178.164
1.564	178.128
1.566	178.425
1.568	178.871
1.57	179.337
1.572	179.503
1.574	179.144
1.576	179.214
1.578	179.796
1.58	179.611
1.582	179.785
1.584	179.771
1.586	180.119
1.588	180.597
1.59	180.948
1.592	180.849
1.594	181.145
1.596	181.191
1.598	181.178
1.6	180.91
1.602	181.643
1.604	182.073
1.606	181.75
1.608	182.273
1.61	182.341
1.612	182.518
1.614	182.414
1.616	182.744
1.618	182.928
1.62	182.984
1.622	183.082
1.624	183.359
1.626	183.559
1.628	184.03
1.63	184.266
1.632	184.151
1.634	184.191
1.636	185.119
1.638	184.424
1.64	184.671
1.642	185.527
1.644	185.385
1.646	185.39
1.648	185.962
1.65	185.73
1.652	185.5
1.654	185.877
1.656	186.07
1.658	186.556
1.66	186.577
1.662	186.707
1.664	187.167
1.666	186.803
1.668	187.68
1.67	188.15
1.672	187.594
1.674	188.135
1.676	187.969
1.678	188.044
1.68	188.208
1.682	188.343
1.684	188.713
1.686	188.602
1.688	189.156
1.69	189.162
1.692	189.208
1.694	189.698
1.696	189.244
1.698	189.66
1.7	189.645
1.702	189.625
1.704	190.069
1.706	190.079
1.708	190.428
1.71	191.101
1.712	190.947
1.714	190.964
1.716	191.208
1.718	191.294
1.72	191.406
1.722	191.605
1.724	191.791
1.726	191.786
1.728	192.414
1.73	192.607
1.732	192.338
1.734	192.474
1.736	192.573
1.738	192.78
1.74	192.812
1.742	193.012
1.744	192.78
1.746	193.449
1.748	193.841
1.75	193.723
1.752	194.015
1.754	194.2
1.756	194.623
1.758	194.627
1.76	194.468
1.762	194.358
1.764	194.992
1.766	194.81
1.768	195.175
1.77	195.621
1.772	195.814
1.774	195.901
1.776	195.923
1.778	195.717
1.78	195.403
1.782	195.929
1.784	196.08
1.786	196.556
1.788	196.506
1.79	196.932
1.792	197.011
1.794	196.735
1.796	196.888
1.798	197.359
1.8	196.971
1.802	197.259
1.804	197.217
1.806	197.562
1.808	197.658
1.81	197.779
1.812	198.468
1.814	198.589
1.816	198.262
1.818	198.516
1.82	198.589
1.822	198.332
1.824	198.972
1.826	199.322
1.828	199.55
1.83	199.806
1.832	199.844
1.834	199.479
1.836	199.705
1.838	199.8
1.84	200.117
1.842	199.906
1.844	200.434
1.846	200.539
1.848	200.678
1.85	201.315
1.852	201.178
1.854	201.402
1.856	201.715
1.858	201.406
1.86	201.346
1.862	201.09
1.864	201.745
1.866	201.938
1.868	202.212
1.87	202.203
1.872	202.356
1.874	202.438
1.876	202.542
1.878	202.554
1.88	202.588
1.882	203.013
1.884	203.151
1.886	203.465
1.888	203.617
1.89	203.818
1.892	203.927
1.894	204.135
1.896	204.207
1.898	204.554
1.9	204.218
1.902	204.776
1.904	204.423
1.906	204.945
1.908	205.494
1.91	205.502
1.912	205.854
1.914	205.718
1.916	205.353
1.918	205.297
1.92	205.849
1.922	205.822
1.924	205.557
1.926	206.347
1.928	206.033
1.93	206.843
1.932	206.831
1.934	206.81
1.936	206.775
1.938	206.911
1.94	206.945
1.942	206.311
1.944	207.22
1.946	207.655
1.948	207.622
1.95	207.521
1.952	207.749
1.954	208.156
1.956	208.098
1.958	207.643
1.96	207.583
1.962	207.797
1.964	208.251
1.966	208.16
1.968	209.055
1.97	209.018
1.972	208.822
1.974	208.989
1.976	209.119
1.978	209.227
1.98	209.028
1.982	209.402
1.984	209.327
1.986	209.412
1.988	210.031
1.99	210.452
1.992	210.421
1.994	210.272
1.996	210.156
1.998	210.508
2	210.241
2.002	210.321
2.004	210.959
2.006	211.064
2.008	211.436
2.01	211.334
2.012	210.785
2.014	210.844
2.016	211.452
2.018	211.288
2.02	211.392
2.022	211.287
2.024	211.785
2.026	211.993
2.028	211.886
2.03	212.773
2.032	212.406
2.034	212.639
2.036	212.592
2.038	212.852
2.04	212.881
2.042	213.038
2.044	212.765
2.046	213.23
2.048	213.144
2.05	212.769
2.052	213.645
2.054	213.498
2.056	213.619
2.058	214.073
2.06	214.11
2.062	214.07
2.064	214.162
2.066	213.954
2.068	214.395
2.07	214.721
2.072	214.847
2.074	214.688
2.076	215.003
2.078	215.087
2.08	215.007
2.082	215.433
2.084	215.186
2.086	215.462
2.088	215.491
2.09	215.812
2.092	215.888
2.094	215.858
2.096	216.379
2.098	215.698
2.1	215.938
2.102	215.588
2.104	216.195
2.106	216.531
2.108	216.557
2.11	216.515
2.112	217.042
2.114	217.029
2.116	217.572
2.118	217.901
2.12	217.525
2.122	217.056
2.124	217.254
2.126	217.385
2.128	218.299
2.13	217.828
2.132	218.027
2.134	218.155
2.136	217.856
2.138	218.054
2.14	218.649
2.142	218.829
2.144	218.936
2.146	218.971
2.148	219.502
2.15	219.471
2.152	219.276
2.154	219.294
2.156	220.046
2.158	220.019
2.16	220.021
2.162	219.958
2.164	219.937
2.166	220.503
2.168	220.95
2.17	220.602
2.172	220.74
2.174	220.51
2.176	220.911
2.178	220.555
2.18	220.58
2.182	220.753
2.184	220.467
2.186	220.881
2.188	221.358
2.19	221.655
2.192	221.874
2.194	221.824
2.196	221.585
2.198	221.374
2.2	221.809
2.202	221.492
2.204	222.113
2.206	222.082
2.208	222.308
2.21	222.807
2.212	222.714
2.214	222.644
2.216	222.222
2.218	222.156
2.22	222.719
2.222	222.632
2.224	222.907
2.226	223.536
2.228	223.341
2.23	223.27
2.232	223.74
2.234	223.532
2.236	223.712
2.238	224.026
2.24	224.281
2.242	224.066
2.244	223.878
2.246	224.056
2.248	224.929
2.25	224.312
2.252	224.646
2.254	224.764
2.256	224.48
2.258	224.348
2.26	224.373
2.262	224.834
2.264	225.233
2.266	224.963
2.268	225.123
2.27	225.581
2.272	225.735
2.274	225.554
2.276	225.702
2.278	225.854
2.28	225.849
2.282	225.653
2.284	226.048
2.286	225.99
2.288	226.295
2.29	226.133
2.292	226.767
2.294	226.721
2.296	226.661
2.298	226.29
2.3	226.569
2.302	226.88
2.304	226.924
2.306	227.136
2.308	227.347
2.31	227.684
2.312	227.733
2.314	227.793
2.316	227.435
2.318	227.319
2.32	227.731
2.322	228.063
2.324	227.647
2.326	228.496
2.328	228.541
2.33	228.077
2.332	228.536
2.334	228.81
2.336	228.369
2.338	228.635
2.34	228.691
2.342	228.25
2.344	228.822
2.346	228.77
2.348	229.526
2.35	228.727
2.352	228.883
2.354	229.484
2.356	229.35
2.358	229.289
2.36	229.964
2.362	229.477
2.364	229.78
2.366	229.468
2.368	229.834
2.37	230.357
2.372	230.363
2.374	230.119
2.376	230.499
2.378	230.434
2.38	230.678
2.382	230.801
2.384	231.11
2.386	231.191
2.388	231.032
2.39	231.385
2.392	231.835
2.394	231.298
2.396	231.638
2.398	231.245
2.4	231.294
2.402	231.411
2.404	232.022
2.406	231.591
2.408	231.846
2.41	231.735
2.412	231.6
2.414	232.223
2.416	232.101
2.418	232.278
2.42	232.217
2.422	232.29
2.424	232.822
2.426	233.061
2.428	232.595
2.43	232.636
2.432	232.343
2.434	232.748
2.436	233.241
2.438	232.914
2.44	233.17
2.442	233.388
2.444	233.245
2.446	233.739
2.448	233.859
2.45	233.582
2.452	234.052
2.454	234.024
2.456	233.777
2.458	233.54
2.46	234.316
2.462	233.649
2.464	234.378
2.466	234.584
2.468	234.506
2.47	234.633
2.472	234.666
2.474	234.724
2.476	234.84
2.478	234.606
2.48	234.109
2.482	234.416
2.484	234.6
2.486	234.593
2.488	235.186
2.49	235.552
2.492	235.024
2.494	235.156
2.496	235.124
2.498	234.869
2.5	235.521
2.502	235.222
2.504	235.188
2.506	235.246
2.508	235.851
2.51	236.543
2.512	236.003
2.514	235.688
2.516	236.361
2.518	236.447
2.52	235.863
2.522	235.963
2.524	236.258
2.526	235.936
2.528	236.358
2.53	236.806
2.532	236.452
2.534	236.948
2.536	236.544
2.538	236.641
2.54	236.856
2.542	237.305
2.544	237.198
2.546	237.564
2.548	237.229
2.55	237.199
2.552	237.68
2.554	237.87
2.556	237.002
2.558	237.637
2.56	237.882
2.562	237.693
2.564	237.815
2.566	238.382
2.568	238.107
2.57	238.162
2.572	238.663
2.574	238.262
2.576	238.294
2.578	238.318
2.58	238.742
2.582	238.627
2.584	238.885
2.586	239.109
2.588	239.575
2.59	238.867
2.592	239.094
2.594	239.18
2.596	239.309
2.598	239.393
2.6	239.508
2.602	239.165
2.604	239.727
2.606	239.874
2.608	239.769
2.61	239.834
2.612	239.959
2.614	239.984
2.616	239.22
2.618	240.058
2.62	239.931
2.622	240.322
2.624	240.346
2.626	240.37
2.628	240.796
2.63	240.895
2.632	240.512
2.634	240.964
2.636	240.437
2.638	240.798
2.64	240.595
2.642	240.055
2.644	240.925
2.646	241.146
2.648	241.809
2.65	241.123
2.652	241.556
2.654	240.692
2.656	240.957
2.658	241.379
2.66	241.581
2.662	241.729
2.664	241.374
2.666	242.036
2.668	241.642
2.67	242.162
2.672	241.891
2.674	242.074
2.676	242.021
2.678	242.256
2.68	242.933
2.682	242.203
2.684	242.384
2.686	242.435
2.688	242.375
2.69	242.326
2.692	242.062
2.694	242.367
2.696	242.782
2.698	242.176
2.7	242.263
2.702	242.358
2.704	242.569
2.706	243.398
2.708	242.852
2.71	243.158
2.712	243.423
2.714	243.639
2.716	244.086
2.718	243.41
2.72	244.101
2.722	243.802
2.724	243.283
2.726	243.482
2.728	244.317
2.73	243.983
2.732	244.204
2.734	244.314
2.736	244.51
2.738	244.069
2.74	244.511
2.742	244.657
2.744	244.502
2.746	244.409
2.748	244.325
2.75	245.073
2.752	245.013
2.754	245.123
2.756	244.921
2.758	245.199
2.76	244.596
2.762	244.489
2.764	244.282
2.766	244.512
2.768	245.633
2.77	245.489
2.772	245.297
2.774	245.564
2.776	245.031
2.778	245.468
2.78	245.271
2.782	246.158
2.784	245.715
2.786	245.979
2.788	246.685
2.79	246.417
2.792	246.342
2.794	246.874
2.796	246.547
2.798	246.629
2.8	246.077
2.802	246.58
2.804	246.238
2.806	246.258
2.808	246.318
2.81	247.226
2.812	246.894
2.814	246.584
2.816	246.805
2.818	246.69
2.82	246.854
2.822	246.908
2.824	247.665
2.826	247.167
2.828	247.461
2.83	247.255
2.832	247.225
2.834	247.632
2.836	247.737
2.838	247.437
2.84	246.876
2.842	247.352
2.844	247.709
2.846	247.648
2.848	248.019
2.85	247.678
2.852	247.813
2.854	248.064
2.856	248.26
2.858	247.881
2.86	248.008
2.862	247.964
2.864	248.163
2.866	248.095
2.868	248.266
2.87	248.669
2.872	248.455
2.874	248.986
2.876	248.637
2.878	248.353
2.88	248.944
2.882	248.422
2.884	249.124
2.886	248.524
2.888	249.565
2.89	249.189
2.892	249.461
2.894	249.109
2.896	249.229
2.898	249.32
2.9	248.891
2.902	249.8
2.904	249.568
2.906	249.78
2.908	249.433
2.91	249.916
2.912	249.931
2.914	249.773
2.916	249.873
2.918	249.882
2.92	249.512
2.922	249.749
2.924	249.863
2.926	249.871
2.928	249.923
2.93	249.99
2.932	250.653
2.934	250.37
2.936	250.204
2.938	250.195
2.94	249.965
2.942	250.866
2.944	250.554
2.946	250.24
2.948	250.616
2.95	250.408
2.952	250.809
2.954	250.745
2.956	251.382
2.958	251.083
2.96	250.536
2.962	250.583
2.964	250.426
2.966	250.695
2.968	251.63
2.97	251.381
2.972	251.125
2.974	251.675
2.976	251.325
2.978	251.688
2.98	251.512
2.982	251.034
2.984	251.061
2.986	251.478
2.988	251.916
2.99	252.278
2.992	251.972
2.994	252.303
2.996	252.668
2.998	252.196
3	251.925
3.002	252.307
3.004	252.417
3.006	252.271
3.008	252.175
3.01	252.223
3.012	252.479
3.014	252.538
3.016	252.151
3.018	252.853
3.02	252.831
3.022	252.709
3.024	252.248
3.026	252.511
3.028	253.143
3.03	252.742
3.032	253.164
3.034	253.555
3.036	252.456
3.038	252.758
3.04	253.26
3.042	253.02
3.044	253.572
3.046	253.54
3.048	253.486
3.05	253.73
3.052	253.18
3.054	253.773
3.056	253.59
3.058	253.231
3.06	253.08
3.062	253.633
3.064	253.958
3.066	253.598
3.068	253.458
3.07	254.274
3.072	254.098
3.074	255.046
3.076	254.302
3.078	254.397
3.08	254.342
3.082	254.857
3.084	254.759
3.086	254.773
3.088	254.723
3.09	254.454
3.092	254.833
3.094	254.518
3.096	254.62
3.098	254.66
3.1	254.872
3.102	254.208
3.104	254.593
3.106	254.606
3.108	254.88
3.11	255.505
3.112	255.03
3.114	255.295
3.116	255.131
3.118	255.191
3.12	255.165
3.122	255.486
3.124	255.497
3.126	255.432
3.128	255.331
3.13	255.742
3.132	256.322
3.134	256.078
3.136	255.768
3.138	255.594
3.14	255.609
3.142	256.028
3.144	255.799
3.146	255.543
3.148	256.096
3.15	256.234
3.152	256.146
3.154	255.902
3.156	255.967
3.158	256.181
3.16	256.5
3.162	256.164
3.164	256.049
3.166	256.629
3.168	256.736
3.17	257.049
3.172	256.801
3.174	256.563
3.176	256.728
3.178	256.928
3.18	256.512
3.182	256.925
3.184	257.071
3.186	257.6
3.188	256.579
3.19	257.42
3.192	257.066
3.194	257.504
3.196	257.268
3.198	257.26
3.2	257.364
3.202	257.479
3.204	257.527
3.206	257.953
3.208	257.863
3.21	258.62
3.212	258.299
3.214	257.797
3.216	257.715
3.218	258.07
3.22	258.337
3.222	258.535
3.224	258.225
3.226	258.207
3.228	258.68
3.23	258.57
3.232	258.108
3.234	258.664
3.236	258.606
3.238	258.507
3.24	258.412
3.242	258.71
3.244	258.619
3.246	258.731
3.248	259.1
3.25	258.786
3.252	258.821
3.254	258.547
3.256	259.051
3.258	259.112
3.26	259.522
3.262	259.044
3.264	258.803
3.266	259.32
3.268	259.31
3.27	259.363
3.272	259.302
3.274	259.348
3.276	259.074
3.278	259.248
3.28	258.828
3.282	259.443
3.284	259.397
3.286	259.818
3.288	259.552
3.29	259.645
3.292	259.505
3.294	259.776
3.296	259.515
3.298	259.685
3.3	260.223
3.302	259.908
3.304	260.086
3.306	259.399
3.308	259.694
3.31	260.415
3.312	260.339
3.314	260.347
3.316	259.853
3.318	260.394
3.32	259.898
3.322	260.561
3.324	260.664
3.326	260.943
3.328	260.111
3.33	260.675
3.332	260.665
3.334	261.032
3.336	260.831
3.338	260.47
3.34	260.868
3.342	260.97
3.344	260.675
3.346	260.992
3.348	260.872
3.35	261.813
3.352	261.432
3.354	260.927
3.356	261.388
3.358	261.214
3.36	261.47
3.362	261.073
3.364	261.132
3.366	261.639
3.368	261.706
3.37	261.385
3.372	261.302
3.374	261.879
3.376	261.318
3.378	261.781
3.38	261.163
3.382	261.968
3.384	261.424
3.386	261.677
3.388	261.865
3.39	261.879
3.392	262.061
3.394	262.15
3.396	261.678
3.398	261.759
3.4	261.311
3.402	262.128
3.404	262.242
3.406	262.24
3.408	262.24
3.41	262.464
3.412	262.183
3.414	262.237
3.416	261.908
3.418	262.326
3.42	262.493
3.422	262.457
3.424	262.264
3.426	262.618
3.428	262.938
3.43	263.192
3.432	262.204
3.434	262.67
3.436	262.566
3.438	262.715
3.44	262.496
3.442	262.5
3.444	263.346
3.446	262.884
3.448	263.291
3.45	263.156
3.452	263.085
3.454	263.353
3.456	262.689
3.458	263.659
3.46	263.009
3.462	263.481
3.464	263.32
3.466	263.902
3.468	263.515
3.47	263.806
3.472	263.59
3.474	263.347
3.476	263.759
3.478	263.695
3.48	263.909
3.482	263.625
3.484	263.094
3.486	264.411
3.488	264.257
3.49	264.106
3.492	264.363
3.494	264.23
3.496	264.006
3.498	263.539
3.5	263.504
3.502	263.833
3.504	263.552
3.506	263.97
3.508	264.682
3.51	264.655
3.512	264.74
3.514	264.193
3.516	264.372
3.518	264.415
3.52	263.981
3.522	264.155
3.524	263.599
3.526	264.589
3.528	264.471
3.53	264.411
3.532	264.212
3.534	264.121
3.536	264.232
3.538	264.25
3.54	264.278
3.542	265.066
3.544	264.578
3.546	264.529
3.548	265.129
3.55	264.515
3.552	264.827
3.554	264.769
3.556	265.331
3.558	264.906
3.56	264.692
3.562	265.376
3.564	264.956
3.566	265.105
3.568	264.93
3.57	264.979
3.572	265.254
3.574	264.64
3.576	264.797
3.578	265.245
3.58	265.204
3.582	265.474
3.584	265.036
3.586	265.231
3.588	265.618
3.59	266.187
3.592	265.412
3.594	265.907
3.596	265.879
3.598	266.091
3.6	265.693
3.602	265.798
3.604	266.368
3.606	265.856
3.608	265.728
3.61	266.576
3.612	265.703
3.614	266.011
3.616	265.899
3.618	265.164
3.62	266.182
3.622	266.109
3.624	266.095
3.626	266.188
3.628	266.286
3.63	266.113
3.632	266.119
3.634	265.989
3.636	266.456
3.638	266.222
3.64	265.798
3.642	266.307
3.644	265.753
3.646	266.121
3.648	266.388
3.65	266.474
3.652	265.734
3.654	266.43
3.656	265.757
3.658	265.594
3.66	266.145
3.662	266.523
3.664	266.489
3.666	266.521
3.668	266.635
3.67	266.577
3.672	266.631
3.674	266.693
3.676	267.047
3.678	266.81
3.68	266.641
3.682	266.907
3.684	266.308
3.686	266.692
3.688	267.355
3.69	267.174
3.692	266.251
3.694	267.26
3.696	267.165
3.698	266.761
3.7	267.242
3.702	267.046
3.704	267.031
3.706	267.604
3.708	267.294
3.71	266.975
3.712	267.276
3.714	267.481
3.716	267.114
3.718	267.463
3.72	267.301
3.722	267.258
3.724	267.302
3.726	267.594
3.728	267.7
3.73	266.952
3.732	267.47
3.734	267.894
3.736	267.328
3.738	267.268
3.74	267.758
3.742	267.037
3.744	266.964
3.746	267.168
3.748	267.361
3.75	267.704
3.752	267.312
3.754	267.383
3.756	267.858
3.758	267.696
3.76	267.372
3.762	267.563
3.764	267.181
3.766	268.22
3.768	268.471
3.77	268.068
3.772	267.813
3.774	268.076
3.776	267.858
3.778	267.674
3.78	267.628
3.782	268.346
3.784	267.894
3.786	268.158
3.788	268.709
3.79	268.39
3.792	268.362
3.794	267.928
3.796	267.841
3.798	267.889
3.8	267.909
3.802	267.705
3.804	267.679
3.806	267.793
3.808	267.808
3.81	268.222
3.812	267.776
3.814	268.648
3.816	268.67
3.818	267.926
3.82	268.481
3.822	268.288
3.824	268.361
3.826	268.54
3.828	268.597
3.83	268
3.832	268.656
3.834	268.908
3.836	268.229
3.838	268.526
3.84	268.742
3.842	268.91
3.844	267.853
3.846	267.839
3.848	268.469
3.85	268.079
3.852	268.019
3.854	269.115
3.856	268.494
3.858	268.692
3.86	268.553
3.862	269.178
3.864	268.691
3.866	269.629
3.868	268.974
3.87	269.257
3.872	269.387
3.874	269.971
3.876	269.511
3.878	269.431
3.88	269.374
3.882	269.733
3.884	269.101
3.886	269.413
3.888	269.293
3.89	269.516
3.892	269.682
3.894	269.716
3.896	269.492
3.898	269.655
3.9	269.941
3.902	269.758
3.904	269.903
3.906	270.247
3.908	270.115
3.91	270.469
3.912	270.084
3.914	270.27
3.916	270.014
3.918	270.075
3.92	270.126
3.922	269.674
3.924	270.009
3.926	269.797
3.928	269.853
3.93	269.928
3.932	270.018
3.934	270.136
3.936	269.205
3.938	269.835
3.94	270.24
3.942	269.847
3.944	270.086
3.946	270.607
3.948	270.219
3.95	270.323
3.952	270.388
3.954	270.091
3.956	269.693
3.958	270.016
3.96	269.705
3.962	269.556
3.964	269.546
3.966	270.168
3.968	270.646
3.97	270.464
3.972	270.253
3.974	270.17
3.976	270.362
3.978	270.465
3.98	271.074
3.982	270.937
3.984	270.92
3.986	270.504
3.988	270.402
3.99	271.25
3.992	271.252
3.994	271.201
3.996	271.267
3.998	271.162
4	270.916
4.002	271.18
4.004	271.374
4.006	271.52
4.008	271.39
4.01	271.396
4.012	271.463
4.014	271.217
4.016	271.28
4.018	271.029
4.02	271.767
4.022	271.463
4.024	271.547
4.026	272.045
4.028	271.306
4.03	271.778
4.032	271.859
4.034	271.803
4.036	271.56
4.038	271.737
4.04	272.188
4.042	271.699
4.044	271.257
4.046	271.958
4.048	272.663
4.05	272.52
4.052	272.481
4.054	272.728
4.056	271.79
4.058	272.118
4.06	272.11
4.062	272.17
4.064	272.146
4.066	272.037
4.068	272.15
4.07	271.874
4.072	272.175
4.074	272.059
4.076	271.924
4.078	271.796
4.08	272.412
4.082	272.058
4.084	272.528
4.086	272.145
4.088	271.896
4.09	272.093
4.092	271.754
4.094	272.079
4.096	272.437
4.098	272.14
4.1	272.517
4.102	272.609
4.104	272.403
4.106	272.678
4.108	272.685
4.11	272.483
4.112	272.64
4.114	273.077
4.116	272.3
4.118	272.673
4.12	273.273
4.122	273.119
4.124	273.121
4.126	272.717
4.128	272.923
4.13	273.032
4.132	273.172
4.134	273.148
4.136	272.393
4.138	273.066
4.14	272.938
4.142	273.351
4.144	272.953
4.146	273.037
4.148	273.292
4.15	273.728
4.152	273.752
4.154	272.926
4.156	272.448
4.158	272.731
4.16	272.475
4.162	272.408
4.164	272.863
4.166	273.83
4.168	273.356
4.17	273.219
4.172	273.367
4.174	273.179
4.176	273.045
4.178	273.28
4.18	273.285
4.182	272.99
4.184	273.609
4.186	273.158
4.188	273.457
4.19	273.375
4.192	273.255
4.194	273.897
4.196	273.072
4.198	273.535
4.2	273.067
4.202	273.418
4.204	274.14
4.206	274.073
4.208	273.621
4.21	273.577
4.212	273.189
4.214	273.461
4.216	273.503
4.218	273.609
4.22	273.842
4.222	273.093
4.224	273.66
4.226	273.728
4.228	273.378
4.23	274.505
4.232	273.268
4.234	273.309
4.236	273.938
4.238	274.391
4.24	274.326
4.242	274.098
4.244	273.839
4.246	274.073
4.248	273.963
4.25	274.272
4.252	274.17
4.254	274.523
4.256	274.095
4.258	274.097
4.26	274.059
4.262	274.593
4.264	273.735
4.266	274.455
4.268	274.92
4.27	274.298
4.272	274.431
4.274	274.27
4.276	274.227
4.278	274.73
4.28	274.393
4.282	274.215
4.284	274.27
4.286	274.404
4.288	274.516
4.29	274.806
4.292	274.531
4.294	274.558
4.296	274.043
4.298	274.434
4.3	274.579
4.302	274.578
4.304	274.186
4.306	274.459
4.308	274.616
4.31	274.914
4.312	274.997
4.314	275.276
4.316	274.216
4.318	274.621
4.32	274.864
4.322	275.066
4.324	275.762
4.326	275.34
4.328	275.187
4.33	274.936
4.332	275.507
4.334	275.197
4.336	275.168
4.338	274.969
4.34	274.859
4.342	275.088
4.344	275.057
4.346	274.907
4.348	274.696
4.35	275.041
4.352	275.528
4.354	275.101
4.356	274.749
4.358	275.748
4.36	275.165
4.362	275.616
4.364	275.76
4.366	275.676
4.368	275.125
4.37	275.873
4.372	275.493
4.374	275.868
4.376	275.869
4.378	275.714
4.38	275.442
4.382	275.642
4.384	275.533
4.386	275.404
4.388	275.515
4.39	275.813
4.392	275.903
4.394	275.656
4.396	276.326
4.398	276.077
4.4	275.761
4.402	276.131
4.404	275.288
4.406	275.997
4.408	275.396
4.41	276.066
4.412	275.855
4.414	275.754
4.416	275.963
4.418	276.374
4.42	275.799
4.422	275.946
4.424	275.922
4.426	275.955
4.428	276.385
4.43	276.086
4.432	276.396
4.434	276.383
4.436	276.34
4.438	275.711
4.44	276.049
4.442	276.215
4.444	276.267
4.446	276.175
4.448	275.829
4.45	276.455
4.452	276.678
4.454	276.791
4.456	276.667
4.458	276.677
4.46	276.417
4.462	276.577
4.464	275.875
4.466	276.617
4.468	275.945
4.47	276.188
4.472	276.25
4.474	277.092
4.476	275.53
4.478	276.348
4.48	276.397
4.482	276.201
4.484	276.744
4.486	276.684
4.488	276.942
4.49	277.469
4.492	276.717
4.494	276.88
4.496	276.356
4.498	276.628
4.5	276.708
4.502	276.338
4.504	277.205
4.506	276.991
4.508	276.994
4.51	277.482
4.512	277.318
4.514	277.275
4.516	276.49
4.518	277.033
4.52	277.036
4.522	277.064
4.524	276.613
4.526	276.984
4.528	276.228
4.53	277.789
4.532	276.992
4.534	277.12
4.536	276.883
4.538	277.21
4.54	277.284
4.542	276.891
4.544	277.102
4.546	277.767
4.548	276.58
4.55	276.527
4.552	276.92
4.554	277.423
4.556	277.157
4.558	278.235
4.56	277.265
4.562	277.188
4.564	277.04
4.566	277.502
4.568	277.325
4.57	277.865
4.572	277.737
4.574	277.56
4.576	277.233
4.578	277.791
4.58	277.714
4.582	278.181
4.584	277.174
4.586	276.589
4.588	276.324
4.59	277.118
4.592	277.67
4.594	277.738
4.596	277.346
4.598	277.676
4.6	276.818
4.602	277.803
4.604	277.541
4.606	278.051
4.608	277.993
4.61	277.766
4.612	278.143
4.614	278.254
4.616	277.177
4.618	277.949
4.62	277.574
4.622	277.624
4.624	278.211
4.626	278.141
4.628	277.865
4.63	278.225
4.632	278.617
4.634	278.144
4.636	278.079
4.638	278.139
4.64	277.733
4.642	278.079
4.644	278.004
4.646	278.757
4.648	278.483
4.65	278.527
4.652	278.087
4.654	278.544
4.656	278.425
4.658	278.797
4.66	278.428
4.662	277.926
4.664	278.944
4.666	278.563
4.668	278.496
4.67	279.315
4.672	278.905
4.674	279.227
4.676	278.926
4.678	279.483
4.68	278.06
4.682	278.46
4.684	278.746
4.686	279.366
4.688	278.653
4.69	278.972
4.692	279.391
4.694	279.068
4.696	278.912
4.698	279.381
4.7	278.842
4.702	278.62
4.704	278.182
4.706	279.079
4.708	278.164
4.71	278.999
4.712	279.041
4.714	279.265
4.716	278.88
4.718	278.837
4.72	278.881
4.722	278.495
4.724	278.591
4.726	279.292
4.728	279.463
4.73	279.652
4.732	279.022
4.734	279.448
4.736	279.294
4.738	278.966
4.74	279.61
4.742	279.146
4.744	279.441
4.746	279.56
4.748	279.875
4.75	279.357
4.752	279.728
4.754	279.914
4.756	279.626
4.758	279.962
4.76	279.708
4.762	279.594
4.764	279.551
4.766	279.732
4.768	279.95
4.77	280.657
4.772	280.179
4.774	279.855
4.776	279.409
4.778	280.23
4.78	280.632
4.782	280.486
4.784	280.236
4.786	280.686
4.788	280.47
4.79	280.307
4.792	280.43
4.794	280.634
4.796	280.496
4.798	280.067
4.8	279.779
4.802	280.206
4.804	280.273
4.806	279.853
4.808	279.976
4.81	280.063
4.812	280.651
4.814	280.371
4.816	280.321
4.818	279.964
4.82	279.871
4.822	280.638
4.824	279.851
4.826	279.944
4.828	279.998
4.83	280.599
4.832	280.483
4.834	280.514
4.836	280.045
4.838	280.485
4.84	280.092
4.842	280.438
4.844	279.581
4.846	280.17
4.848	280.456
4.85	280.583
4.852	279.923
4.854	281.001
4.856	280.25
4.858	280.137
4.86	280.222
4.862	280.455
4.864	280.902
4.866	280.481
4.868	280.069
4.87	280.677
4.872	280.819
4.874	280.756
4.876	280.318
4.878	280.786
4.88	281.233
4.882	280.65
4.884	280.08
4.886	280.308
4.888	280.532
4.89	280.179
4.892	280.681
4.894	280.844
4.896	280.302
4.898	280.342
4.9	280.396
4.902	280.685
4.904	280.525
4.906	280.73
4.908	280.78
4.91	280.721
4.912	280.866
4.914	280.655
4.916	280.418
4.918	280.433
4.92	279.998
4.922	279.967
4.924	280.384
4.926	279.907
4.928	280.578
4.93	280.362
4.932	280.632
4.934	280.39
4.936	280.608
4.938	280.847
4.94	280.336
4.942	280.274
4.944	280.514
4.946	280.879
4.948	280.02
4.95	281.259
4.952	281.069
4.954	281.248
4.956	280.546
4.958	280.431
4.96	280.593
4.962	280.857
4.964	281.152
4.966	280.831
4.968	281.086
4.97	281.229
4.972	280.681
4.974	280.834
4.976	281.314
4.978	280.758
4.98	280.885
4.982	281.02
4.984	281.296
4.986	281.341
4.988	281.561
4.99	281.357
4.992	281.422
4.994	281.368
4.996	281.609
4.998	281.636
5	280.93
5.002	281.081
5.004	281.22
5.006	280.979
5.008	281.168
5.01	281.27
5.012	282.232
5.014	281.307
5.016	281.276
5.018	281.251
5.02	281.461
5.022	281.068
5.024	281.106
5.026	281.824
5.028	281.919
5.03	281.944
5.032	281.366
5.034	282.003
5.036	281.903
5.038	281.036
5.04	281.409
5.042	281.703
5.044	281.692
5.046	281.713
5.048	281.324
5.05	281.712
5.052	281.738
5.054	282.143
5.056	281.873
5.058	281.948
5.06	281.643
5.062	281.887
5.064	281.209
5.066	281.874
5.068	281.947
5.07	281.929
5.072	282.189
5.074	281.896
5.076	282.032
5.078	282.17
5.08	281.351
5.082	281.283
5.084	281.88
5.086	281.752
5.088	281.723
5.09	281.83
5.092	281.453
5.094	281.662
5.096	282.123
5.098	281.855
5.1	281.908
5.102	281.57
5.104	281.613
5.106	281.498
5.108	281.747
5.11	282.388
5.112	281.821
5.114	281.585
5.116	281.565
5.118	281.776
5.12	281.583
5.122	281.703
5.124	281.595
5.126	281.429
5.128	281.791
5.13	282.503
5.132	281.872
5.134	282.817
5.136	281.773
5.138	282.202
5.14	281.897
5.142	282.153
5.144	281.966
5.146	282.587
5.148	282.071
5.15	281.815
5.152	282.297
5.154	281.921
5.156	282.504
5.158	282.172
5.16	282.898
5.162	282.183
5.164	281.657
5.166	281.551
5.168	282.376
5.17	282.361
5.172	281.814
5.174	282.732
5.176	282.105
5.178	288.371
5.18	48.9446
5.182	50.0022
5.184	50.4622
5.186	50.8433
5.188	51.2006
5.19	51.5227
5.192	51.5631
5.194	51.7605
5.196	51.8448
5.198	51.7487
5.2	51.8526
5.202	52.0435
5.204	51.9255
5.206	52.0641
5.208	52.4688
5.21	52.3133
5.212	52.3221
5.214	52.2898
5.216	52.3562
5.218	52.2875
5.22	52.2866
5.222	52.2085
5.224	52.1199
5.226	52.4207
5.228	52.3218
5.23	52.3988
5.232	52.3605
5.234	52.287
5.236	52.2325
5.238	51.9971
5.24	51.8407
5.242	52.0786
5.244	52.0662
5.246	52.0901
5.248	52.038
5.25	52.031
5.252	51.9737
5.254	52.0034
5.256	51.838
5.258	51.5657
5.26	51.6054
5.262	51.6292
5.264	51.3753
5.266	51.6706
5.268	51.7147
5.27	51.7173
5.272	51.5888
5.274	51.5038
5.276	51.5033
5.278	51.3573
5.28	51.281
5.282	51.2201
5.284	51.0774
5.286	51.1337
5.288	51.2946
5.29	51.2918
5.292	50.9821
5.294	51.1818
5.296	50.9135
5.298	50.7733
5.3	50.6957
5.302	50.7716
5.304	50.6089
5.306	50.802
5.308	50.6224
5.31	50.6137
5.312	50.5549
5.314	50.5672
5.316	50.3178
5.318	50.2857
5.32	50.2276
5.322	50.2184
5.324	50.1025
5.326	50.2264
5.328	50.202
5.33	50.0437
5.332	49.9188
5.334	49.9177
5.336	49.8611
5.338	49.5888
5.34	49.5519
5.342	49.5461
5.344	49.5051
5.346	49.6048
5.348	49.4259
5.35	49.5318
5.352	49.2881
5.354	49.2906
5.356	49.2965
5.358	48.899
5.36	48.84
5.362	48.9751
5.364	48.7294
5.366	48.7722
5.368	48.8289
5.37	48.9627
5.372	48.6725
5.374	48.7094
5.376	48.3806
5.378	48.3187
5.38	48.3556
5.382	48.3958
5.384	48.1344
5.386	48.1385
5.388	48.4257
5.39	48.3051
5.392	48.0713
5.394	48.0288
5.396	47.8728
5.398	47.8393
5.4	47.661
5.402	47.8134
5.404	47.4699
5.406	47.5605
5.408	47.7184
5.41	47.5911
5.412	47.5965
5.414	47.4511
5.416	47.3129
5.418	47.0929
5.42	47.1419
5.422	47.3021
5.424	46.9322
5.426	47.0783
5.428	47.0325
5.43	47.0332
5.432	46.8357
5.434	46.9263
5.436	46.7272
5.438	46.7608
5.44	46.6051
5.442	46.5968
5.444	46.5738
5.446	46.5736
5.448	46.563
5.45	46.5841
5.452	46.3356
5.454	46.3287
5.456	46.0094
5.458	46.043
5.46	45.8482
5.462	45.8744
5.464	45.8008
5.466	45.7337
5.468	45.8587
5.47	45.8709
5.472	45.6578
5.474	45.7965
5.476	45.5119
5.478	45.5106
5.48	45.2158
5.482	45.3253
5.484	45.1583
5.486	45.2774
5.488	45.2884
5.49	45.2516
5.492	45.0627
5.494	45.0124
5.496	44.8827
5.498	44.8614
5.5	44.6574
5.502	44.5849
5.504	44.7887
5.506	44.7239
5.508	44.8749
5.51	44.7277
5.512	44.5349
5.514	44.5634
5.516	44.5559
5.518	44.4626
5.52	44.1592
5.522	44.2205
5.524	44.036
5.526	44.1362
5.528	44.1539
5.53	44.2257
5.532	44.0052
5.534	43.9971
5.536	43.8153
5.538	43.6704
5.54	43.7642
5.542	43.8045
5.544	43.5372
5.546	43.504
5.548	43.5944
5.55	43.4633
5.552	43.2994
5.554	43.4859
5.556	43.462
5.558	43.2203
5.56	42.9952
5.562	43.0065
5.564	43.2375
5.566	43.1724
5.568	43.0567
5.57	42.9052
5.572	42.7455
5.574	42.9482
5.576	42.7428
5.578	42.5516
5.58	42.5704
5.582	42.5881
5.584	42.3444
5.586	42.4099
5.588	42.3237
5.59	42.5067
5.592	42.2508
5.594	42.2702
5.596	42.1139
5.598	41.9455
5.6	41.9486
5.602	42.0251
5.604	41.9347
5.606	41.8927
5.608	41.9556
5.61	41.9247
5.612	41.8525
5.614	41.7175
5.616	41.7032
5.618	41.5447
5.62	41.3938
5.622	41.4909
5.624	41.3077
5.626	41.3412
5.628	41.382
5.63	41.4017
5.632	41.174
5.634	41.271
5.636	41.0805
5.638	40.9381
5.64	40.8166
5.642	41.0299
5.644	40.8262
5.646	40.7112
5.648	40.8349
5.65	40.8451
5.652	40.671
5.654	40.616
5.656	40.6717
5.658	40.4285
5.66	40.3368
5.662	40.3677
5.664	40.1588
5.666	40.1726
5.668	40.2869
5.67	40.257
5.672	40.1856
5.674	40.2415
5.676	40.2537
5.678	39.975
5.68	39.8968
5.682	39.8595
5.684	39.7002
5.686	39.7559
5.688	39.9916
5.69	39.9109
5.692	39.5781
5.694	39.7719
5.696	39.6235
5.698	39.474
5.7	39.2895
5.702	39.339
5.704	39.2355
5.706	39.2159
5.708	39.3067
5.71	39.4184
5.712	39.1962
5.714	39.3459
5.716	39.1334
5.718	38.9166
5.72	38.9498
5.722	38.9913
5.724	39.0454
5.726	38.9232
5.728	38.9424
5.73	39.0536
5.732	38.8762
5.734	38.8929
5.736	38.7957
5.738	38.4657
5.74	38.5751
5.742	38.57
5.744	38.52
5.746	38.4925
5.748	38.4347
5.75	38.4673
5.752	38.33
5.754	38.2859
5.756	38.117
5.758	38.098
5.76	37.9825
5.762	37.9118
5.764	37.9196
5.766	38
5.768	37.9575
5.77	37.9613
5.772	37.805
5.774	37.8202
5.776	37.717
5.778	37.7901
5.78	37.5981
5.782	37.453
5.784	37.4112
5.786	37.4361
5.788	37.5657
5.79	37.4765
5.792	37.4177
5.794	37.5243
5.796	37.2132
5.798	37.2154
5.8	37.0207
5.802	37.054
5.804	36.9665
5.806	36.9996
5.808	37.0901
5.81	37.0082
5.812	36.9454
5.814	37.1251
5.816	36.8745
5.818	36.7532
5.82	36.6408
5.822	36.6165
5.824	36.7431
5.826	36.6345
5.828	36.7156
5.83	36.461
5.832	36.5446
5.834	36.4994
5.836	36.401
5.838	36.3835
5.84	36.2524
5.842	36.1949
5.844	36.2146
5.846	36.1355
5.848	36.3217
5.85	36.2715
5.852	36.097
5.854	36.0256
5.856	36.0626
5.858	35.8868
5.86	35.8116
5.862	35.6482
5.864	35.8374
5.866	35.7638
5.868	35.7301
5.87	35.7684
5.872	35.832
5.874	35.71
5.876	35.6785
5.878	35.5248
5.88	35.4146
5.882	35.4448
5.884	35.3754
5.886	35.4752
5.888	35.6277
5.89	35.5132
5.892	35.4063
5.894	35.2855
5.896	35.2428
5.898	35.0489
5.9	34.8775
5.902	34.8981
5.904	34.9183
5.906	34.9272
5.908	35.0222
5.91	34.9903
5.912	34.8925
5.914	34.8815
5.916	34.7243
5.918	34.5744
5.92	34.5703
5.922	34.5274
5.924	34.6136
5.926	34.5072
5.928	34.4967
5.93	34.6631
5.932	34.5441
5.934	34.4314
5.936	34.4452
5.938	34.2478
5.94	34.2874
5.942	34.3999
5.944	34.2951
5.946	34.2734
5.948	34.3775
5.95	34.2945
5.952	34.2373
5.954	34.2115
5.956	34.195
5.958	34.0735
5.96	33.9146
5.962	33.9067
5.964	33.8492
5.966	33.7359
5.968	33.9387
5.97	33.9386
5.972	33.8106
5.974	33.8003
5.976	33.6907
5.978	33.5625
5.98	33.5785
5.982	33.5529
5.984	33.6114
5.986	33.3505
5.988	33.6654
5.99	33.5671
5.992	33.3475
5.994	33.3706
5.996	33.3492
5.998	33.1095
6	33.0232
6.002	32.9696
6.004	33.1027
6.006	33.1138
6.008	33.1024
6.01	33.0426
6.012	33.1894
6.014	32.9142
6.016	33.1134
6.018	32.7802
6.02	32.7318
6.022	32.6428
6.024	32.7594
6.026	32.625
6.028	32.7984
6.03	32.7167
6.032	32.6554
6.034	32.5893
6.036	32.5878
6.038	32.4883
6.04	32.4505
6.042	32.3996
6.044	32.2428
6.046	32.2237
6.048	32.4674
6.05	32.43
6.052	32.3151
6.054	32.2297
6.056	32.1336
6.058	32.025
6.06	32.1306
6.062	32.1137
6.064	32.0728
6.066	32.0148
6.068	32.0028
6.07	31.9618
6.072	31.9176
6.074	31.9892
6.076	31.9388
6.078	31.7291
6.08	31.7197
6.082	31.4805
6.084	31.6267
6.086	31.5686
6.088	31.7238
6.09	31.7061
6.092	31.8185
6.094	31.6788
6.096	31.7742
6.098	31.3915
6.1	31.446
6.102	31.4181
6.104	31.5471
6.106	31.3256
6.108	31.4366
6.11	31.436
6.112	31.3979
6.114	31.402
6.116	31.1692
6.118	31.1958
6.12	31.0785
6.122	31.049
6.124	31.0937
6.126	30.9693
6.128	31.0153
6.13	30.9726
6.132	30.9705
6.134	30.9275
6.136	30.7723
6.138	30.6121
6.14	30.5566
6.142	30.7008
6.144	30.7119
6.146	30.7956
6.148	30.8225
6.15	30.6778
6.152	30.7801
6.154	30.622
6.156	30.6675
6.158	30.4949
6.16	30.3935
6.162	30.292
6.164	30.4994
6.166	30.5064
6.168	30.3965
6.17	30.5514
6.172	30.4982
6.174	30.3056
6.176	30.1896
6.178	30.0817
6.18	30.0447
6.182	30.1103
6.184	29.9956
6.186	29.9948
6.188	30.3264
6.19	30.2157
6.192	30.3376
6.194	30.0766
6.196	29.9943
6.198	29.8604
6.2	29.8913
6.202	29.843
6.204	29.8254
6.206	29.9081
6.208	29.9049
6.21	29.745
6.212	30.0354
6.214	29.8269
6.216	29.8064
6.218	29.5799
6.22	29.6411
6.222	29.5795
6.224	29.4855
6.226	29.5239
6.228	29.7008
6.23	29.5734
6.232	29.5791
6.234	29.5664
6.236	29.4911
6.238	29.2891
6.24	29.3289
6.242	29.2514
6.244	29.3289
6.246	29.3239
6.248	29.5088
6.25	29.3739
6.252	29.3997
6.254	29.0852
6.256	29.1499
6.258	28.9484
6.26	28.9681
6.262	28.8465
6.264	29.0496
6.266	29.0817
6.268	29.0473
6.27	29.0325
6.272	28.9531
6.274	28.9396
6.276	28.8373
6.278	28.6349
6.28	28.5964
6.282	28.6806
6.284	28.7615
6.286	28.5835
6.288	28.7975
6.29	28.6794
6.292	28.7141
6.294	28.5497
6.296	28.5843
6.298	28.2706
6.3	28.4875
6.302	28.3767
6.304	28.3961
6.306	28.3905
6.308	28.5268
6.31	28.4972
6.312	28.4874
6.314	28.3544
6.316	28.2437
6.318	28.1838
6.32	28.0959
6.322	28.1585
6.324	28.2927
6.326	28.203
6.328	28.2555
6.33	28.1312
6.332	28.2356
6.334	28.1442
6.336	28.0722
6.338	27.8015
6.34	27.8815
6.342	27.7994
6.344	27.9095
6.346	27.7981
6.348	27.9444
6.35	28.085
6.352	27.9962
6.354	27.8206
6.356	27.7403
6.358	27.6452
6.36	27.5986
6.362	27.4958
6.364	27.5805
6.366	27.6097
6.368	27.8292
6.37	27.8382
6.372	27.74
6.374	27.4633
6.376	27.537
6.378	27.4847
6.38	27.3185
6.382	27.3226
6.384	27.3877
6.386	27.3621
6.388	27.5253
6.39	27.31
6.392	27.3399
6.394	27.2976
6.396	27.2719
6.398	27.0343
6.4	27.0271
6.402	27.0529
6.404	27.2672
6.406	27.2064
6.408	27.3717
6.41	27.2481
6.412	27.219
6.414	27.1387
6.416	27.1761
6.418	26.9357
6.42	26.8143
6.422	26.7512
6.424	26.906
6.426	27.0014
6.428	27.109
6.43	27.116
6.432	26.9062
6.434	26.7308
6.436	26.8127
6.438	26.5838
6.44	26.6705
6.442	26.5331
6.444	26.624
6.446	26.6196
6.448	26.6922
6.45	26.7451
6.452	26.5661
6.454	26.6311
6.456	26.4763
6.458	26.3942
6.46	26.188
6.462	26.2991
6.464	26.277
6.466	26.4268
6.468	26.5432
6.47	26.3941
6.472	26.4901
6.474	26.3122
6.476	26.3431
6.478	26.1306
6.48	26.1091
6.482	26.0729
6.484	26.197
6.486	26.1338
6.488	26.2739
6.49	26.2987
6.492	26.2471
6.494	26.0353
6.496	26.1176
6.498	25.7361
6.5	25.8608
6.502	25.8321
6.504	25.9141
6.506	25.8142
6.508	26.1308
6.51	26.1017
6.512	25.9718
6.514	25.956
6.516	25.7161
6.518	25.6351
6.52	25.6846
6.522	25.6313
6.524	25.7566
6.526	25.7633
6.528	25.8155
6.53	25.8223
6.532	25.7287
6.534	25.5159
6.536	25.5231
6.538	25.47
6.54	25.3866
6.542	25.4149
6.544	25.5044
6.546	25.5951
6.548	25.5424
6.55	25.4832
6.552	25.6237
6.554	25.3132
6.556	25.2966
6.558	25.0799
6.56	24.9812
6.562	25.0337
6.564	25.1661
6.566	25.315
6.568	25.3287
6.57	25.211
6.572	25.1571
6.574	25.1316
6.576	25.0546
6.578	24.988
6.58	24.9167
6.582	24.9311
6.584	25.0225
6.586	24.862
6.588	25.1016
6.59	25.0589
6.592	24.9661
6.594	24.8591
6.596	24.8032
6.598	24.6699
6.6	24.7142
6.602	24.6466
6.604	24.7262
6.606	24.7349
6.608	24.8185
6.61	24.7428
6.612	24.7903
6.614	24.7458
6.616	24.595
6.618	24.5661
6.62	24.4427
6.622	24.5578
6.624	24.5512
6.626	24.4609
6.628	24.5912
6.63	24.7726
6.632	24.4919
6.634	24.4424
6.636	24.403
6.638	24.2933
6.64	24.1045
6.642	24.1858
6.644	24.2536
6.646	24.2423
6.648	24.3178
6.65	24.2558
6.652	24.3091
6.654	24.201
6.656	24.2292
6.658	24.1056
6.66	23.8273
6.662	23.9613
6.664	24.0937
6.666	24.1994
6.668	24.241
6.67	24.2852
6.672	24.0581
6.674	24.0478
6.676	24.039
6.678	24.0071
6.68	23.8133
6.682	23.891
6.684	24.0945
6.686	23.9799
6.688	24.0886
6.69	24.2014
6.692	24.1026
6.694	24.0708
6.696	23.8425
6.698	23.753
6.7	23.6536
6.702	23.6632
6.704	23.7196
6.706	23.6862
6.708	23.7498
6.71	23.7535
6.712	23.5846
6.714	23.749
6.716	23.5963
6.718	23.4367
6.72	23.461
6.722	23.5145
6.724	23.5336
6.726	23.5658
6.728	23.556
6.73	23.6712
6.732	23.5439
6.734	23.3899
6.736	23.4595
6.738	23.4045
6.74	23.2819
6.742	23.407
6.744	23.3547
6.746	23.3026
6.748	23.5305
6.75	23.4758
6.752	23.2591
6.754	23.1634
6.756	23.0798
6.758	23.0852
6.76	22.9899
6.762	23.0682
6.764	23.051
6.766	23.0661
6.768	23.3166
6.77	23.3895
6.772	23.0474
6.774	23.0991
6.776	23.0399
6.778	22.7147
6.78	22.7033
6.782	22.8853
6.784	22.9474
6.786	22.8142
6.788	23.0838
6.79	23.0841
6.792	22.9041
6.794	22.9739
6.796	22.7713
6.798	22.618
6.8	22.5067
6.802	22.6958
6.804	22.6239
6.806	22.6794
6.808	22.8959
6.81	22.8599
6.812	22.7642
6.814	22.6361
6.816	22.71
6.818	22.4797
6.82	22.2522
6.822	22.4761
6.824	22.5515
6.826	22.6383
6.828	22.6458
6.83	22.6706
6.832	22.5511
6.834	22.4081
6.836	22.4445
6.838	22.2502
6.84	22.3025
6.842	22.4276
6.844	22.3969
6.846	22.3966
6.848	22.4207
6.85	22.5144
6.852	22.2571
6.854	22.2676
6.856	22.316
6.858	22.1407
6.86	22.0269
6.862	22.1447
6.864	22.1856
6.866	22.2318
6.868	22.319
6.87	22.3534
6.872	22.1035
6.874	22.1091
6.876	22.1158
6.878	21.9848
6.88	21.6624
6.882	21.9763
6.884	22.0306
6.886	22.0048
6.888	22.2358
6.89	22.1721
6.892	21.8827
6.894	22.0461
6.896	21.9681
6.898	21.7672
6.9	21.7899
6.902	21.9501
6.904	21.7985
6.906	21.8735
6.908	21.9952
6.91	22.1247
6.912	21.7567
6.914	21.8387
6.916	21.7874
6.918	21.6466
6.92	21.5712
6.922	21.6897
6.924	21.8185
6.926	21.7599
6.928	21.9563
6.93	21.9075
6.932	21.6711
6.934	21.7363
6.936	21.7762
6.938	21.4322
6.94	21.4595
6.942	21.63
6.944	21.5204
6.946	21.4959
6.948	21.5944
6.95	21.6524
6.952	21.4783
6.954	21.5139
6.956	21.4402
6.958	21.2285
6.96	21.1332
6.962	21.3141
6.964	21.4148
6.966	21.3459
6.968	21.4307
6.97	21.5112
6.972	21.2692
6.974	21.285
6.976	21.2096
6.978	21.1325
6.98	21.1602
6.982	21.3102
6.984	21.3259
6.986	21.1019
6.988	21.4702
6.99	21.4076
6.992	21.1413
6.994	21.2484
6.996	21.2194
6.998	21.0426
7	21.0012
7.002	21.2245
7.004	21.1342
7.006	21.0279
7.008	21.2614
7.01	21.2067
7.012	21.1782
7.014	21.0578
7.016	21.0489
7.018	20.859
7.02	20.8642
7.022	21.0219
7.024	20.9731
7.026	20.9505
7.028	21.0196
7.03	21.2154
7.032	20.8757
7.034	20.783
7.036	20.8645
7.038	20.7044
7.04	20.6369
7.042	20.6548
7.044	20.8617
7.046	20.7818
7.048	21.0763
7.05	20.9946
7.052	20.6907
7.054	20.6966
7.056	20.8294
7.058	20.5173
7.06	20.5061
7.062	20.6766
7.064	20.7149
7.066	20.7877
7.068	20.8806
7.07	20.846
7.072	20.7422
7.074	20.6085
7.076	20.5088
7.078	20.2884
7.08	20.3732
7.082	20.5352
7.084	20.5912
7.086	20.5593
7.088	20.6219
7.09	20.7543
7.092	20.5228
7.094	20.4552
7.096	20.475
7.098	20.2057
7.1	20.1587
7.102	20.3082
7.104	20.4727
7.106	20.1917
7.108	20.4215
7.11	20.403
7.112	20.3725
7.114	20.3184
7.116	20.2492
7.118	20.0403
7.12	19.9687
7.122	20.1099
7.124	20.1845
7.126	20.2004
7.128	20.3455
7.13	20.2166
7.132	19.9665
7.134	19.8021
7.136	20.0165
7.138	19.9312
7.14	19.8303
7.142	20.1451
7.144	20.0954
7.146	20.0015
7.148	20.2158
7.15	20.2643
7.152	20.0275
7.154	19.9476
7.156	20.0013
7.158	19.781
7.16	19.6212
7.162	19.9268
7.164	20.0163
7.166	19.8232
7.168	20.1692
7.17	20.0844
7.172	19.9438
7.174	19.8334
7.176	19.8685
7.178	19.7254
7.18	19.6946
7.182	19.8654
7.184	19.7769
7.186	19.7033
7.188	19.9568
7.19	20.0445
7.192	19.8237
7.194	19.7038
7.196	19.7741
7.198	19.5126
7.2	19.4774
7.202	19.7303
7.204	19.6803
7.206	19.7612
7.208	19.8791
7.21	19.6225
7.212	19.7389
7.214	19.6709
7.216	19.6108
7.218	19.3375
7.22	19.4014
7.222	19.4808
7.224	19.7062
7.226	19.547
7.228	19.698
7.23	19.751
7.232	19.5781
7.234	19.3682
7.236	19.5319
7.238	19.1152
7.24	19.2213
7.242	19.3428
7.244	19.4017
7.246	19.4154
7.248	19.5698
7.25	19.4236
7.252	19.4066
7.254	19.2818
7.256	19.4145
7.258	19.1203
7.26	19.1513
7.262	19.1886
7.264	19.253
7.266	19.208
7.268	19.4213
7.27	19.4713
7.272	19.3556
7.274	19.2622
7.276	19.1801
7.278	19.072
7.28	19.1205
7.282	19.0521
7.284	19.0982
7.286	19.092
7.288	19.2978
7.29	19.1931
7.292	19.2438
7.294	18.979
7.296	19.0065
7.298	18.8517
7.3	18.8683
7.302	19.0103
7.304	19.0679
7.306	19.0063
7.308	19.1872
7.31	19.152
7.312	19.2054
7.314	18.9012
7.316	18.9639
7.318	18.8299
7.32	18.9012
7.322	18.7328
7.324	19.0116
7.326	18.9236
7.328	19.0789
7.33	19.0061
7.332	18.9219
7.334	18.8385
7.336	18.7711
7.338	18.4973
7.34	18.621
7.342	18.582
7.344	18.6454
7.346	18.7599
7.348	18.9417
7.35	18.8291
7.352	18.7445
7.354	18.6035
7.356	18.6838
7.358	18.3836
7.36	18.5025
7.362	18.3672
7.364	18.5422
7.366	18.6046
7.368	18.7078
7.37	18.5193
7.372	18.7446
7.374	18.4073
7.376	18.5408
7.378	18.2525
7.38	18.3614
7.382	18.2834
7.384	18.6139
7.386	18.3037
7.388	18.6255
7.39	18.5087
7.392	18.4111
7.394	18.3455
7.396	18.3874
7.398	18.2608
7.4	18.371
7.402	18.2357
7.404	18.5446
7.406	18.3182
7.408	18.6308
7.41	18.3781
7.412	18.7038
7.414	18.2944
7.416	18.2614
7.418	18.1841
7.42	18.2124
7.422	18.0351
7.424	18.2152
7.426	18.2978
7.428	18.4317
7.43	18.2815
7.432	18.3776
7.434	18.0877
7.436	18.2641
7.438	18.0174
7.44	18.0279
7.442	17.9564
7.444	18.1961
7.446	18.0253
7.448	18.2376
7.45	18.1819
7.452	18.2349
7.454	18.0631
7.456	18.089
7.458	17.7997
7.46	17.972
7.462	17.7674
7.464	17.974
7.466	17.9639
7.468	18.1092
7.47	17.9546
7.472	18.1135
7.474	17.8173
7.476	17.8716
7.478	17.5987
7.48	17.8544
7.482	17.6763
7.484	17.9091
7.486	17.7694
7.488	18.0264
7.49	17.8152
7.492	18.0482
7.494	17.6927
7.496	17.8188
7.498	17.5159
7.5	17.643
7.502	17.5685
7.504	17.7993
7.506	17.6365
7.508	18.0014
7.51	17.7068
7.512	17.8077
7.514	17.6137
7.516	17.73
7.518	17.5059
7.52	17.6901
7.522	17.4519
7.524	17.7918
7.526	17.6207
7.528	17.8457
7.53	17.59
7.532	17.6886
7.534	17.4383
7.536	17.5529
7.538	17.141
7.54	17.5155
7.542	17.4075
7.544	17.5343
7.546	17.627
7.548	17.7791
7.55	17.5253
7.552	17.7081
7.554	17.4238
7.556	17.5885
7.558	17.28
7.56	17.443
7.562	17.1299
7.564	17.4632
7.566	17.342
7.568	17.6377
7.57	17.3679
7.572	17.5686
7.574	17.4167
7.576	17.2286
7.578	17.2279
7.58	17.383
7.582	17.1933
7.584	17.4607
7.586	17.2448
7.588	17.5646
7.59	17.192
7.592	17.469
7.594	17.1532
7.596	17.0979
7.598	16.8942
7.6	17.2439
7.602	16.9159
7.604	17.2095
7.606	17.1879
7.608	17.4093
7.61	17.0597
7.612	17.4013
7.614	17.0932
7.616	17.0891
7.618	16.8539
7.62	17.0329
7.622	16.9279
7.624	17.2162
7.626	17.0162
7.628	17.3299
7.63	16.8954
7.632	17.2111
7.634	16.963
7.636	17.0481
7.638	16.8404
7.64	16.989
7.642	16.7387
7.644	17.001
7.646	17.0191
7.648	17.236
7.65	16.8251
7.652	17.1089
7.654	16.8747
7.656	16.8659
7.658	16.6637
7.66	16.9502
7.662	16.5097
7.664	16.9588
7.666	16.7857
7.668	17.0822
7.67	16.7795
7.672	17.0621
7.674	16.7104
7.676	16.7283
7.678	16.5438
7.68	16.7979
7.682	16.5421
7.684	16.8614
7.686	16.7293
7.688	16.9763
7.69	16.6766
7.692	16.9682
7.694	16.598
7.696	16.6889
7.698	16.4743
7.7	16.7909
7.702	16.4192
7.704	16.7252
7.706	16.7296
7.708	16.9134
7.71	16.6002
7.712	16.9515
7.714	16.5013
7.716	16.5764
7.718	16.3576
7.72	16.7769
7.722	16.3676
7.724	16.5718
7.726	16.4749
7.728	16.7781
7.73	16.3499
7.732	16.7145
7.734	16.4108
7.736	16.4774
7.738	16.212
7.74	16.4354
7.742	16.1849
7.744	16.3823
7.746	16.4217
7.748	16.6516
7.75	16.3174
7.752	16.5706
7.754	16.2776
7.756	16.3608
7.758	16.1476
7.76	16.3222
7.762	16.0964
7.764	16.3403
7.766	16.2973
7.768	16.511
7.77	16.2641
7.772	16.5345
7.774	16.0764
7.776	16.3249
7.778	16.1525
7.78	16.4674
7.782	16.0608
7.784	16.3252
7.786	16.1256
7.788	16.4095
7.79	16.0055
7.792	16.4282
7.794	16.1166
7.796	16.0696
7.798	15.9481
7.8	16.047
7.802	15.7911
7.804	16.1347
7.806	15.9984
7.808	16.3328
7.81	15.8911
7.812	16.4142
7.814	16.1664
7.816	16.1342
7.818	15.7127
7.82	16.2547
7.822	15.6673
7.824	16.1123
7.826	15.9267
7.828	16.1945
7.83	15.8631
7.832	16.195
7.834	15.9495
7.836	16.0171
7.838	15.8063
7.84	16.0482
7.842	15.6992
7.844	16.0496
7.846	15.8829
7.848	16.2199
7.85	15.8018
7.852	16.2092
7.854	15.8218
7.856	15.9967
7.858	15.6069
7.86	15.9346
7.862	15.4265
7.864	15.9199
7.866	15.7586
7.868	15.9445
7.87	15.6506
7.872	15.9855
7.874	15.7199
7.876	15.8103
7.878	15.5392
7.88	15.8128
7.882	15.4838
7.884	15.7856
7.886	15.7333
7.888	16.0067
7.89	15.686
7.892	15.9744
7.894	15.7874
7.896	15.7562
7.898	15.3769
7.9	15.814
7.902	15.4409
7.904	15.6702
7.906	15.6157
7.908	15.9158
7.91	15.5047
7.912	15.8524
7.914	15.6112
7.916	15.6067
7.918	15.3825
7.92	15.6741
7.922	15.3876
7.924	15.6196
7.926	15.4976
7.928	15.6876
7.93	15.3328
7.932	15.6523
7.934	15.4832
7.936	15.6353
7.938	15.0985
7.94	15.5892
7.942	15.2713
7.944	15.5867
7.946	15.5015
7.948	15.6774
7.95	15.3531
7.952	15.6428
7.954	15.3279
7.956	15.4661
7.958	15.0836
7.96	15.2597
7.962	15.0653
7.964	15.3844
7.966	15.3367
7.968	15.5994
7.97	15.3462
7.972	15.4782
7.974	15.0639
7.976	15.3511
7.978	15.131
7.98	15.438
7.982	15.0911
7.984	15.3098
7.986	15.1868
7.988	15.5046
7.99	15.2427
7.992	15.3964
7.994	15.1065
7.996	15.3236
7.998	14.9262
8	15.2507
8.002	14.9649
8.004	15.257
8.006	15.15
8.008	15.3921
8.01	14.9715
8.012	15.2656
8.014	15.1212
8.016	15.2596
8.018	14.8187
8.02	15.0835
8.022	14.814
8.024	15.1447
8.026	15.1453
8.028	15.4333
8.03	14.9968
8.032	15.0787
8.034	14.9976
8.036	15.009
8.038	14.7273
8.04	15.0072
8.042	14.748
8.044	15.065
8.046	14.9395
8.048	15.21
8.05	14.9151
8.052	14.9954
8.054	15.0606
8.056	15.0037
8.058	14.7115
8.06	14.9589
8.062	14.6001
8.064	15.0057
8.066	14.8995
8.068	15.1536
8.07	14.9343
8.072	15.2401
8.074	14.8949
8.076	14.8985
8.078	14.5575
8.08	14.9924
8.082	14.5839
8.084	14.9546
8.086	14.8066
8.088	15.0499
8.09	14.81
8.092	14.9889
8.094	14.8041
8.096	14.7633
8.098	14.6413
8.1	14.8319
8.102	14.6442
8.104	14.8697
8.106	14.8143
8.108	15.0683
8.11	14.676
8.112	14.8331
8.114	14.6815
8.116	14.6315
8.118	14.4877
8.12	14.8165
8.122	14.5467
8.124	14.7157
8.126	14.6557
8.128	14.8638
8.13	14.4687
8.132	14.6876
8.134	14.5542
8.136	14.5024
8.138	14.356
8.14	14.6645
8.142	14.383
8.144	14.7217
8.146	14.6517
8.148	14.8356
8.15	14.5452
8.152	14.8043
8.154	14.5101
8.156	14.5989
8.158	14.3806
8.16	14.407
8.162	14.4284
8.164	14.7207
8.166	14.518
8.168	14.7003
8.17	14.6117
8.172	14.6707
8.174	14.489
8.176	14.4415
8.178	14.2947
8.18	14.6452
8.182	14.4209
8.184	14.5372
8.186	14.4972
8.188	14.8319
8.19	14.4656
8.192	14.7638
8.194	14.3607
8.196	14.4503
8.198	14.3624
8.2	14.5513
8.202	14.3043
8.204	14.6039
8.206	14.5067
8.208	14.7169
8.21	14.4532
8.212	14.5668
8.214	14.3754
8.216	14.4057
8.218	14.162
8.22	14.3993
8.222	14.194
8.224	14.5117
8.226	14.3892
8.228	14.5591
8.23	14.362
8.232	14.5134
8.234	14.2533
8.236	14.4459
8.238	14.1325
8.24	14.145
8.242	14.1099
8.244	14.3607
8.246	14.1904
8.248	14.2767
8.25	14.1519
8.252	14.3329
8.254	14.1513
8.256	14.1271
8.258	13.876
8.26	14.1369
8.262	13.8933
8.264	14.3072
8.266	14.2118
8.268	14.2437
8.27	13.9756
8.272	14.1862
8.274	13.9616
8.276	13.8657
8.278	13.9029
8.28	14.0605
8.282	13.9412
8.284	14.0736
8.286	14.0087
8.288	14.1077
8.29	14.0798
8.292	14.2164
8.294	13.9102
8.296	14.1056
8.298	13.9319
8.3	13.9758
8.302	13.7672
8.304	14.1673
8.306	14.0335
8.308	14.1035
8.31	13.9941
8.312	14.0416
8.314	13.8244
8.316	13.9722
8.318	13.7869
8.32	13.7196
8.322	13.8406
8.324	13.9128
8.326	13.7527
8.328	13.9851
8.33	13.7567
8.332	13.8844
8.334	13.7573
8.336	13.786
8.338	13.6317
8.34	13.6567
8.342	13.6364
8.344	13.9029
8.346	13.7951
8.348	13.9091
8.35	13.7699
8.352	13.9541
8.354	13.7246
8.356	13.7641
8.358	13.6681
8.36	13.8439
8.362	13.5519
8.364	13.9611
8.366	13.8099
8.368	14.0022
8.37	13.9003
8.372	13.8753
8.374	13.6611
8.376	13.7381
8.378	13.5763
8.38	13.7891
8.382	13.6428
8.384	13.8916
8.386	13.7551
8.388	13.8435
8.39	13.7195
8.392	13.8289
8.394	13.5649
8.396	13.7127
8.398	13.5162
8.4	13.6579
8.402	13.5349
8.404	13.8064
8.406	13.6861
8.408	13.784
8.41	13.7683
8.412	13.7933
8.414	13.5431
8.416	13.5351
8.418	13.4885
8.42	13.6595
8.422	13.4874
8.424	13.7951
8.426	13.5611
8.428	13.6749
8.43	13.6826
8.432	13.8085
8.434	13.6129
8.436	13.59
8.438	13.3472
8.44	13.4769
8.442	13.3265
8.444	13.7099
8.446	13.5523
8.448	13.5817
8.45	13.521
8.452	13.6287
8.454	13.4364
8.456	13.4517
8.458	13.2965
8.46	13.4712
8.462	13.302
8.464	13.5354
8.466	13.3978
8.468	13.3979
8.47	13.4402
8.472	13.4717
8.474	13.4242
8.476	13.4513
8.478	13.3307
8.48	13.3421
8.482	13.2162
8.484	13.4089
8.486	13.406
8.488	13.4365
8.49	13.232
8.492	13.5168
8.494	13.142
8.496	13.2313
8.498	13.2355
8.5	13.2571
8.502	13.1654
8.504	13.2744
8.506	13.2868
8.508	13.3144
8.51	13.3536
8.512	13.3543
8.514	13.2114
8.516	13.2
8.518	13.1231
8.52	13.0808
8.522	13.0841
8.524	13.3775
8.526	13.1926
8.528	13.2628
8.53	13.1623
8.532	13.2283
8.534	13.0936
8.536	13.1777
8.538	13.0339
8.54	13.1131
8.542	12.9957
8.544	13.1934
8.546	13.1272
8.548	13.0488
8.55	13.1901
8.552	13.283
8.554	13.0847
8.556	13.0435
8.558	13.0952
8.56	12.9481
8.562	12.8107
8.564	13.1149
8.566	12.9964
8.568	13.0434
8.57	13.0982
8.572	13.1604
8.574	12.9487
8.576	12.933
8.578	13.0209
8.58	12.9921
8.582	12.8803
8.584	13.0967
8.586	12.8979
8.588	13.1526
8.59	13.1353
8.592	13.1026
8.594	12.8471
8.596	12.9925
8.598	12.8847
8.6	12.761
8.602	12.6293
8.604	13.0141
8.606	13.0072
8.608	12.989
8.61	12.9208
8.612	13.1721
8.614	12.7894
8.616	13.0044
8.618	12.887
8.62	12.8828
8.622	12.7797
8.624	12.9973
8.626	12.8973
8.628	12.9212
8.63	12.9288
8.632	13.0503
8.634	12.7538
8.636	12.9033
8.638	12.7292
8.64	12.6814
8.642	12.6571
8.644	12.9292
8.646	12.6911
8.648	12.7817
8.65	12.8564
8.652	12.8759
8.654	12.6195
8.656	12.8228
8.658	12.6776
8.66	12.6501
8.662	12.4784
8.664	12.8772
8.666	12.7405
8.668	12.8112
8.67	12.7405
8.672	12.8759
8.674	12.6235
8.676	12.6878
8.678	12.667
8.68	12.6182
8.682	12.537
8.684	12.7942
8.686	12.6707
8.688	12.826
8.69	12.8338
8.692	12.7945
8.694	12.561
8.696	12.6648
8.698	12.6203
8.7	12.4882
8.702	12.4925
8.704	12.6764
8.706	12.6506
8.708	12.6791
8.71	12.655
8.712	12.663
8.714	12.4421
8.716	12.5499
8.718	12.4929
8.72	12.3981
8.722	12.6207
8.724	12.6859
8.726	12.5953
8.728	12.5429
8.73	12.6549
8.732	12.6507
8.734	12.4297
8.736	12.451
8.738	12.3345
8.74	12.275
8.742	12.4202
8.744	12.5234
8.746	12.4437
8.748	12.5969
8.75	12.5662
8.752	12.5806
8.754	12.3859
8.756	12.4303
8.758	12.3832
8.76	12.3308
8.762	12.2367
8.764	12.5964
8.766	12.449
8.768	12.4385
8.77	12.4189
8.772	12.5977
8.774	12.2558
8.776	12.5025
8.778	12.3243
8.78	12.2897
8.782	12.2788
8.784	12.4454
8.786	12.2785
8.788	12.4567
8.79	12.4402
8.792	12.4855
8.794	12.2873
8.796	12.2613
8.798	12.2947
8.8	12.222
8.802	12.2002
8.804	12.3666
8.806	12.3651
8.808	12.2731
8.81	12.3774
8.812	12.5883
8.814	12.2062
8.816	12.2595
8.818	12.2769
8.82	12.1481
8.822	12.0698
8.824	12.3522
8.826	12.2029
8.828	12.3232
8.83	12.4403
8.832	12.4783
8.834	12.215
8.836	12.3135
8.838	12.1582
8.84	12.1349
8.842	12.0766
8.844	12.2092
8.846	12.2836
8.848	12.2672
8.85	12.2988
8.852	12.4352
8.854	12.0361
8.856	12.2179
8.858	12.1156
8.86	12.1069
8.862	11.9637
8.864	12.2213
8.866	12.1921
8.868	12.2461
8.87	12.2484
8.872	12.3142
8.874	12.0453
8.876	12.13
8.878	12.1615
8.88	12.0561
8.882	12.1004
8.884	12.1849
8.886	12.1705
8.888	12.1718
8.89	12.2259
8.892	12.184
8.894	12.057
8.896	12.1331
8.898	12.0398
8.9	11.9637
8.902	11.9476
8.904	12.1499
8.906	12.1703
8.908	12.1196
8.91	12.1583
8.912	12.0832
8.914	12.0035
8.916	12.0333
8.918	12.014
8.92	11.9841
8.922	11.9321
8.924	12.0545
8.926	12.0796
8.928	12.0235
8.93	12.1036
8.932	12.2373
8.934	11.9735
8.936	11.97
8.938	11.944
8.94	12.0058
8.942	11.9764
8.944	12.0231
8.946	12.0223
8.948	12.082
8.95	12.0147
8.952	12.1579
8.954	11.9532
8.956	11.9744
8.958	11.9189
8.96	11.7631
8.962	11.7537
8.964	11.99
8.966	11.937
8.968	11.9943
8.97	12.0181
8.972	12.0091
8.974	11.8426
8.976	11.8473
8.978	11.8585
8.98	11.7402
8.982	11.8358
8.984	11.8808
8.986	11.7217
8.988	11.9145
8.99	11.9481
8.992	12.0981
8.994	11.8764
8.996	11.902
8.998	11.9348
9	11.6887
9.002	11.721
9.004	11.8818
9.006	11.8829
9.008	11.8287
9.01	11.9895
9.012	12.0966
9.014	11.8147
9.016	11.7266
9.018	11.7822
9.02	11.6959
9.022	11.7089
9.024	11.7909
9.026	11.8306
9.028	11.7173
9.03	11.8148
9.032	11.7992
9.034	11.811
9.036	11.7119
9.038	11.8323
9.04	11.6754
9.042	11.6655
9.044	11.6874
9.046	11.7507
9.048	11.7675
9.05	11.8459
9.052	11.794
9.054	11.6366
9.056	11.5874
9.058	11.6903
9.06	11.6483
9.062	11.4208
9.064	11.5897
9.066	11.6805
9.068	11.6926
9.07	11.7913
9.072	11.7199
9.074	11.5612
9.076	11.6589
9.078	11.6913
9.08	11.5583
9.082	11.4626
9.084	11.7053
9.086	11.6758
9.088	11.6356
9.09	11.8308
9.092	11.6881
9.094	11.6779
9.096	11.6961
9.098	11.585
9.1	11.4888
9.102	11.4139
9.104	11.5304
9.106	11.5024
9.108	11.5216
9.11	11.5838
9.112	11.6933
9.114	11.5648
9.116	11.4818
9.118	11.5232
9.12	11.4796
9.122	11.4481
9.124	11.5444
9.126	11.5706
9.128	11.6892
9.13	11.7793
9.132	11.663
9.134	11.5807
9.136	11.4171
9.138	11.6041
9.14	11.4598
9.142	11.4303
9.144	11.5429
9.146	11.5555
9.148	11.4394
9.15	11.5621
9.152	11.5875
9.154	11.448
9.156	11.3973
9.158	11.4502
9.16	11.3471
9.162	11.3235
9.164	11.463
9.166	11.4754
9.168	11.3257
9.17	11.4844
9.172	11.407
9.174	11.5262
9.176	11.3291
9.178	11.3826
9.18	11.2591
9.182	11.3022
9.184	11.2974
9.186	11.3156
9.188	11.4511
9.19	11.3824
9.192	11.3682
9.194	11.4039
9.196	11.2065
9.198	11.2926
9.2	11.1455
9.202	11.1724
9.204	11.2603
9.206	11.4141
9.208	11.2801
9.21	11.2662
9.212	11.3411
9.214	11.3833
9.216	11.0479
9.218	11.1897
9.22	11.1374
9.222	11.2347
9.224	11.2449
9.226	11.2831
9.228	11.2032
9.23	11.3264
9.232	11.4628
9.234	11.3053
9.236	11.1391
9.238	11.1195
9.24	11.0249
9.242	11.0684
9.244	11.1519
9.246	11.3369
9.248	11.1507
9.25	11.3168
9.252	11.2545
9.254	11.1628
9.256	11.0847
9.258	11.2075
9.26	11.008
9.262	11.024
9.264	11.1559
9.266	11.2546
9.268	10.962
9.27	11.1777
9.272	11.0779
9.274	11.0605
9.276	10.8094
9.278	10.9507
9.28	10.8016
9.282	10.7178
9.284	10.9325
9.286	11.0236
9.288	11.0417
9.29	11.0894
9.292	11.1729
9.294	11.0322
9.296	10.9156
9.298	11.0844
9.3	10.8994
9.302	10.9126
9.304	11.0248
9.306	11.1913
9.308	11.0134
9.31	10.9781
9.312	11.0726
9.314	11.0494
9.316	10.9389
9.318	11.0581
9.32	10.8821
9.322	10.8082
9.324	10.8544
9.326	10.9961
9.328	11.0086
9.33	11.1261
9.332	11.0149
9.334	10.9891
9.336	10.9022
9.338	10.9773
9.34	10.7217
9.342	10.7158
9.344	10.8963
9.346	11.0278
9.348	10.8992
9.35	11.1164
9.352	10.8977
9.354	10.9789
9.356	10.866
9.358	10.9842
9.36	10.7236
9.362	10.7776
9.364	10.7714
9.366	10.9796
9.368	10.7544
9.37	10.932
9.372	10.854
9.374	10.9223
9.376	10.8481
9.378	10.8736
9.38	10.7346
9.382	10.8017
9.384	10.8156
9.386	10.9323
9.388	10.9105
9.39	11.0811
9.392	11.0242
9.394	11.0715
9.396	10.8071
9.398	10.9593
9.4	10.8151
9.402	10.7742
9.404	10.787
9.406	10.8925
9.408	10.7749
9.41	10.8736
9.412	11.0585
9.414	10.8549
9.416	10.773
9.418	10.8738
9.42	10.7226
9.422	10.7362
9.424	10.7369
9.426	10.9426
9.428	10.8261
9.43	10.9442
9.432	10.9588
9.434	10.9344
9.436	10.8329
9.438	10.8592
9.44	10.664
9.442	10.7648
9.444	10.6954
9.446	10.936
9.448	10.7726
9.45	11.0263
9.452	10.6876
9.454	10.866
9.456	10.6784
9.458	10.7982
9.46	10.5521
9.462	10.6939
9.464	10.7146
9.466	10.7649
9.468	10.6841
9.47	10.8016
9.472	10.7497
9.474	10.818
9.476	10.6308
9.478	10.7234
9.48	10.4465
9.482	10.5944
9.484	10.5116
9.486	10.6419
9.488	10.7345
9.49	10.8019
9.492	10.7202
9.494	10.7348
9.496	10.5631
9.498	10.6639
9.5	10.5023
9.502	10.5386
9.504	10.4942
9.506	10.7107
9.508	10.7103
9.51	10.7636
9.512	10.7597
9.514	10.8384
9.516	10.5704
9.518	10.7114
9.52	10.5275
9.522	10.4422
9.524	10.4386
9.526	10.7058
9.528	10.5792
9.53	10.7797
9.532	10.789
9.534	10.7793
9.536	10.4265
9.538	10.4873
9.54	10.4859
9.542	10.4633
9.544	10.3857
9.546	10.5868
9.548	10.6216
9.55	10.7528
9.552	10.6716
9.554	10.6475
9.556	10.5577
9.558	10.5519
9.56	10.2562
9.562	10.475
9.564	10.3089
9.566	10.5398
9.568	10.4573
9.57	10.656
9.572	10.4987
9.574	10.6423
9.576	10.3437
9.578	10.5259
9.58	10.2556
9.582	10.242
9.584	10.2927
9.586	10.4334
9.588	10.4501
9.59	10.7077
9.592	10.641
9.594	10.6955
9.596	10.4486
9.598	10.4507
9.6	10.2356
9.602	10.3423
9.604	10.2648
9.606	10.6668
9.608	10.4077
9.61	10.6744
9.612	10.5335
9.614	10.6661
9.616	10.3263
9.618	10.2493
9.62	10.1399
9.622	10.203
9.624	10.0825
9.626	10.4724
9.628	10.431
9.63	10.6516
9.632	10.3937
9.634	10.3853
9.636	10.2214
9.638	10.2702
9.64	10.1102
9.642	10.1517
9.644	10.1353
9.646	10.4188
9.648	10.3145
9.65	10.525
9.652	10.4135
9.654	10.4039
9.656	10.3128
9.658	10.3056
9.66	10.1474
9.662	10.1463
9.664	10.1137
9.666	10.4265
9.668	10.3269
9.67	10.4667
9.672	10.4355
9.674	10.4934
9.676	10.1877
9.678	10.2519
9.68	10.0036
9.682	10.137
9.684	10.0666
9.686	10.2603
9.688	10.1625
9.69	10.4155
9.692	10.3749
9.694	10.4615
9.696	10.1466
9.698	10.1553
9.7	9.95199
9.702	10.1209
9.704	10.1048
9.706	10.2775
9.708	10.1895
9.71	10.4429
9.712	10.2982
9.714	10.3671
9.716	10.059
9.718	10.2663
9.72	9.94556
9.722	10.0975
9.724	10.0073
9.726	10.3215
9.728	10.0744
9.73	10.3714
9.732	10.2983
9.734	10.3473
9.736	10.0647
9.738	10.0973
9.74	9.96851
9.742	10.1466
9.744	10.1281
9.746	10.2332
9.748	10.1745
9.75	10.3071
9.752	10.2967
9.754	10.2234
9.756	10.1879
9.758	10.1626
9.76	9.88642
9.762	9.89643
9.764	9.97874
9.766	10.1448
9.768	9.89707
9.77	10.2664
9.772	10.2641
9.774	10.2574
9.776	10.0158
9.778	10.1167
9.78	9.80037
9.782	10.0031
9.784	9.97836
9.786	10.1248
9.788	10.0694
9.79	10.0582
9.792	9.97503
9.794	10.0583
9.796	9.90792
9.798	10.0361
9.8	9.8497
9.802	9.9406
9.804	9.99276
9.806	10.1077
9.808	10.0483
9.81	10.1812
9.812	10.1953
9.814	10.1759
9.816	9.9902
9.818	10.0582
9.82	9.72967
9.822	9.81414
9.824	9.84844
9.826	10.0233
9.828	10.0095
9.83	10.1484
9.832	9.94308
9.834	10.1257
9.836	9.98786
9.838	10.1155
9.84	9.77646
9.842	9.81047
9.844	9.80785
9.846	10.0507
9.848	9.99472
9.85	10.0673
9.852	10.0149
9.854	10.1778
9.856	9.88137
9.858	9.89787
9.86	9.64645
9.862	9.72464
9.864	9.74342
9.866	9.94985
9.868	9.81057
9.87	9.98556
9.872	9.95626
9.874	10.0929
9.876	9.80457
9.878	9.9442
9.88	9.67977
9.882	9.78446
9.884	9.73433
9.886	9.88117
9.888	9.89768
9.89	10.1674
9.892	9.87357
9.894	10.1035
9.896	9.80357
9.898	9.74895
9.9	9.70507
9.902	9.7024
9.904	9.68912
9.906	9.87794
9.908	9.91228
9.91	9.981
9.912	10.0078
9.914	10.0346
9.916	9.82853
9.918	9.82218
9.92	9.75129
9.922	9.73358
9.924	9.77194
9.926	9.80749
9.928	9.74673
9.93	10.0392
9.932	9.92568
9.934	10.0089
9.936	9.70103
9.938	9.70253
9.94	9.64761
9.942	9.72021
9.944	9.49469
9.946	9.76357
9.948	9.76321
9.95	9.91039
9.952	9.76402
9.954	9.80615
9.956	9.65066
9.958	9.60494
9.96	9.42992
9.962	9.45421
9.964	9.40734
9.966	9.73758
9.968	9.6777
9.97	9.77823
9.972	9.77877
9.974	9.80684
9.976	9.42475
9.978	9.58176
9.98	9.58535
9.982	9.55439
9.984	9.52354
9.986	9.64435
9.988	9.77293
9.99	9.8541
9.992	9.75018
9.994	9.81826
9.996	9.73979
9.998	9.65434
10	9.46481
10.002	9.47791
10.004	9.47246
10.006	9.66492
10.008	9.58174
10.01	9.87048
10.012	9.81056
10.014	9.79685
10.016	9.67274
10.018	9.74965
10.02	9.463
10.022	9.49687
10.024	9.5282
10.026	9.62971
10.028	9.57698
10.03	9.79597
10.032	9.68108
10.034	9.71146
10.036	9.61519
10.038	9.59189
10.04	9.35126
10.042	9.40332
10.044	9.42601
10.046	9.51062
10.048	9.52321
10.05	9.64803
10.052	9.69197
10.054	9.61355
10.056	9.50447
10.058	9.50278
10.06	9.30981
10.062	9.34261
10.064	9.4513
10.066	9.42545
10.068	9.50649
10.07	9.63387
10.072	9.72462
10.074	9.61069
10.076	9.53656
10.078	9.38924
10.08	9.28416
10.082	9.37036
10.084	9.40636
10.086	9.51023
10.088	9.53928
10.09	9.56596
10.092	9.58012
10.094	9.57558
10.096	9.46521
10.098	9.59692
10.1	9.34749
10.102	9.35764
10.104	9.38107
10.106	9.41224
10.108	9.4288
10.11	9.60675
10.112	9.61184
10.114	9.5729
10.116	9.36308
10.118	9.39035
10.12	9.28431
10.122	9.35132
10.124	9.3319
10.126	9.43135
10.128	9.54039
10.13	9.55545
10.132	9.58131
10.134	9.43016
10.136	9.31011
10.138	9.34795
10.14	9.2173
10.142	9.29131
10.144	9.37351
10.146	9.40421
10.148	9.42444
10.15	9.51478
10.152	9.53421
10.154	9.4227
10.156	9.37746
10.158	9.26747
10.16	9.07845
10.162	9.20155
10.164	9.26304
10.166	9.33097
10.168	9.36287
10.17	9.53205
10.172	9.48585
10.174	9.47229
10.176	9.33887
10.178	9.35683
10.18	9.19431
10.182	9.27113
10.184	9.23814
10.186	9.27887
10.188	9.32982
10.19	9.53579
10.192	9.50349
10.194	9.323
10.196	9.39625
10.198	9.14051
10.2	9.11196
10.202	9.18597
10.204	9.26247
10.206	9.23194
10.208	9.19623
10.21	9.33597
10.212	9.34251
10.214	9.30705
10.216	9.33019
10.218	9.28206
10.22	9.15033
10.222	9.14434
10.224	9.08899
10.226	9.25426
10.228	9.15504
10.23	9.44805
10.232	9.23114
10.234	9.19584
10.236	9.15957
10.238	9.03858
10.24	8.9937
10.242	9.04367
10.244	9.02799
10.246	9.34134
10.248	9.23547
10.25	9.43289
10.252	9.28367
10.254	9.23052
10.256	9.30963
10.258	9.10305
10.26	9.00403
10.262	8.94161
10.264	8.93928
10.266	9.0259
10.268	9.13684
10.27	9.16916
10.272	8.98061
10.274	8.99618
10.276	9.03257
10.278	8.88925
10.28	8.80491
10.282	9.11027
10.284	9.0131
10.286	8.97056
10.288	9.11766
10.29	9.18984
10.292	9.08565
10.294	9.12589
10.296	9.01556
10.298	8.89246
10.3	8.85162
10.302	8.7879
10.304	8.81118
10.306	8.8447
10.308	8.95483
10.31	9.1269
10.312	8.9651
10.314	9.03799
10.316	9.02969
10.318	8.81612
10.32	8.77092
10.322	8.95997
10.324	8.87699
10.326	8.9944
10.328	9.06576
10.33	9.04261
10.332	9.01114
10.334	9.02206
10.336	8.97289
10.338	8.70998
10.34	8.73821
10.342	8.80508
10.344	8.92694
10.346	8.80359
10.348	9.00456
10.35	8.96757
10.352	8.96486
10.354	8.95449
10.356	8.99093
10.358	8.89461
10.36	8.92275
10.362	8.84546
10.364	9.0011
10.366	8.83619
10.368	9.00944
10.37	9.0322
10.372	8.91526
10.374	8.81495
10.376	8.87936
10.378	8.76678
10.38	8.79634
10.382	8.72314
10.384	8.71967
10.386	8.63872
10.388	8.91618
10.39	8.91495
10.392	8.89406
10.394	8.88422
10.396	8.85554
10.398	8.80632
10.4	8.7523
10.402	8.7355
10.404	8.71952
10.406	8.77668
10.408	8.94592
10.41	8.95549
10.412	8.96372
10.414	8.72798
10.416	8.84356
10.418	8.66514
10.42	8.60247
10.422	8.61066
10.424	8.65415
10.426	8.64836
10.428	8.83494
10.43	8.79679
10.432	8.81334
10.434	8.64231
10.436	8.70322
10.438	8.72989
10.44	8.66892
10.442	8.61801
10.444	8.7527
10.446	8.67729
10.448	8.86861
10.45	8.82533
10.452	8.85882
10.454	8.82962
10.456	8.81151
10.458	8.73891
10.46	8.63974
10.462	8.52571
10.464	8.6955
10.466	8.52629
10.468	8.82618
10.47	8.84966
10.472	8.85959
10.474	8.72694
10.476	8.82716
10.478	8.52807
10.48	8.5171
10.482	8.63102
10.484	8.58871
10.486	8.45612
10.488	8.8348
10.49	8.69473
10.492	8.67569
10.494	8.64167
10.496	8.73634
10.498	8.6433
10.5	8.46703
10.502	8.62761
10.504	8.68524
10.506	8.70639
10.508	8.7216
10.51	8.71525
10.512	8.7037
10.514	8.64093
10.516	8.67802
10.518	8.50048
10.52	8.36909
10.522	8.50144
10.524	8.56225
10.526	8.56224
10.528	8.73365
10.53	8.6006
10.532	8.60931
10.534	8.70664
10.536	8.72599
10.538	8.46196
10.54	8.43734
10.542	8.5162
10.544	8.47471
10.546	8.43947
10.548	8.6075
10.55	8.74924
10.552	8.71572
10.554	8.57385
10.556	8.74117
10.558	8.45342
10.56	8.36994
10.562	8.37053
10.564	8.54212
10.566	8.47808
10.568	8.60349
10.57	8.64421
10.572	8.6209
10.574	8.54523
10.576	8.63617
10.578	8.45008
10.58	8.37391
10.582	8.49446
10.584	8.53081
10.586	8.33234
10.588	8.68579
10.59	8.50954
10.592	8.60694
10.594	8.60183
10.596	8.73263
10.598	8.36851
10.6	8.56161
10.602	8.53384
10.604	8.58823
10.606	8.48978
10.608	8.5776
10.61	8.53557
10.612	8.77318
10.614	8.42989
10.616	8.64804
10.618	8.30669
10.62	8.34172
10.622	8.3851
10.624	8.45959
10.626	8.23679
10.628	8.57197
10.63	8.57152
10.632	8.53744
10.634	8.47263
10.636	8.7476
10.638	8.44819
10.64	8.31129
10.642	8.25895
10.644	8.46159
10.646	8.50899
10.648	8.6039
10.65	8.63069
10.652	8.56241
10.654	8.51025
10.656	8.54668
10.658	8.31061
10.66	8.34439
10.662	8.29867
10.664	8.40638
10.666	8.27116
10.668	8.45747
10.67	8.54575
10.672	8.39596
10.674	8.401
10.676	8.50653
10.678	8.35678
10.68	8.35325
10.682	8.37844
10.684	8.33723
10.686	8.31989
10.688	8.54727
10.69	8.55249
10.692	8.41739
10.694	8.42688
10.696	8.43414
10.698	8.23848
10.7	8.33486
10.702	8.21103
10.704	8.29488
10.706	8.2363
10.708	8.49402
10.71	8.49016
10.712	8.51656
10.714	8.45375
10.716	8.65113
10.718	8.41163
10.72	8.36424
10.722	8.19725
10.724	8.49569
10.726	8.36103
10.728	8.48531
10.73	8.53712
10.732	8.4656
10.734	8.46987
10.736	8.4468
10.738	8.28669
10.74	8.28258
10.742	8.28901
10.744	8.2955
10.746	8.29943
10.748	8.50344
10.75	8.50409
10.752	8.44323
10.754	8.46486
10.756	8.46342
10.758	8.22052
10.76	8.37719
10.762	8.25385
10.764	8.15206
10.766	8.17794
10.768	8.45005
10.77	8.46937
10.772	8.37183
10.774	8.3088
10.776	8.41448
10.778	8.25892
10.78	8.23344
10.782	8.18242
10.784	8.36089
10.786	8.05691
10.788	8.55534
10.79	8.461
10.792	8.52558
10.794	8.50365
10.796	8.4564
10.798	8.27865
10.8	8.21664
10.802	8.13375
10.804	8.20486
10.806	8.21831
10.808	8.38566
10.81	8.4257
10.812	8.58065
10.814	8.40401
10.816	8.36032
10.818	8.20863
10.82	8.24644
10.822	8.10262
10.824	8.25603
10.826	8.09564
10.828	8.30496
10.83	8.28998
10.832	8.44824
10.834	8.49194
10.836	8.56852
10.838	8.17535
10.84	8.18129
10.842	8.0739
10.844	8.11256
10.846	8.04324
10.848	8.30448
10.85	8.27074
10.852	8.40294
10.854	8.24646
10.856	8.48097
10.858	8.28679
10.86	8.06682
10.862	8.00462
10.864	8.0958
10.866	7.90937
10.868	8.15291
10.87	8.32625
10.872	8.28166
10.874	8.22054
10.876	8.29889
10.878	8.16002
10.88	8.10846
10.882	8.1304
10.884	8.0572
10.886	7.89441
10.888	8.33533
10.89	8.28828
10.892	8.3644
10.894	8.22479
10.896	8.35412
10.898	8.14526
10.9	8.13303
10.902	8.12258
10.904	8.15715
10.906	8.05992
10.908	8.37526
10.91	8.2767
10.912	8.33182
10.914	8.31845
10.916	8.38272
10.918	8.01324
10.92	8.00995
10.922	8.13237
10.924	8.10744
10.926	8.06458
10.928	8.25755
10.93	8.31754
10.932	8.18393
10.934	8.21282
10.936	8.32179
10.938	8.07657
10.94	7.96462
10.942	7.83175
10.944	7.87659
10.946	7.91024
10.948	8.12647
10.95	8.18604
10.952	8.25699
10.954	8.11509
10.956	8.20622
10.958	7.959
10.96	7.83184
10.962	7.91442
10.964	7.94354
10.966	7.96277
10.968	8.03102
10.97	8.21306
10.972	8.27289
10.974	8.20737
10.976	8.11863
10.978	7.94688
10.98	7.90101
10.982	7.95086
10.984	8.02859
10.986	7.83016
10.988	8.13333
10.99	8.19749
10.992	8.29363
10.994	8.22285
10.996	8.20161
10.998	7.99083
11	7.94981
11.002	7.83985
11.004	8.00249
11.006	7.95978
11.008	8.04036
11.01	7.95667
11.012	8.15994
11.014	8.03427
11.016	8.1617
11.018	8.0167
11.02	7.88069
11.022	7.98651
11.024	7.94544
11.026	7.8814
11.028	8.01031
11.03	8.10618
11.032	8.15159
11.034	8.17034
11.036	8.25628
11.038	7.86056
11.04	7.82882
11.042	7.80765
11.044	7.90594
11.046	7.84388
11.048	8.11672
11.05	8.03501
11.052	8.0603
11.054	8.18125
11.056	8.18568
11.058	8.0164
11.06	7.85018
11.062	7.84478
11.064	7.93895
11.066	7.99004
11.068	8.14628
11.07	8.15962
11.072	8.10759
11.074	8.0334
11.076	7.98305
11.078	7.98439
11.08	7.98532
11.082	7.81439
11.084	7.82107
11.086	7.85825
11.088	8.03717
11.09	8.12792
11.092	8.00129
11.094	8.1647
11.096	8.09385
11.098	7.78006
11.1	7.80699
11.102	7.82129
11.104	7.87991
11.106	7.81481
11.108	7.93322
11.11	8.02923
11.112	8.11631
11.114	8.17163
11.116	8.06398
11.118	7.75003
11.12	7.75145
11.122	7.77885
11.124	7.74836
11.126	7.77672
11.128	7.87559
11.13	7.99264
11.132	8.0303
11.134	8.0749
11.136	8.039
11.138	7.86021
11.14	7.698
11.142	7.7168
11.144	7.80189
11.146	7.74608
11.148	7.83509
11.15	7.94774
11.152	7.98401
11.154	8.00322
11.156	7.91818
11.158	7.85506
11.16	7.72952
11.162	7.75767
11.164	7.72527
11.166	7.77025
11.168	7.79774
11.17	7.95136
11.172	7.98602
11.174	8.02286
11.176	8.07741
11.178	10.3819
11.18	-5.87923
11.182	-5.37414
11.184	-5.20251
11.186	-5.16691
11.188	-4.771
11.19	-4.81176
11.192	-4.71142
11.194	-4.57775
11.196	-4.60695
11.198	-4.75879
11.2	-4.93867
11.202	-4.80283
11.204	-4.95907
11.206	-4.70262
11.208	-4.6653
11.21	-4.5865
11.212	-4.39821
11.214	-4.36023
11.216	-4.53455
11.218	-4.60222
11.22	-4.7337
11.222	-4.81163
11.224	-4.76334
11.226	-4.64263
11.228	-4.53337
11.23	-4.28883
11.232	-4.3828
11.234	-4.42089
11.236	-4.36317
11.238	-4.59973
11.24	-4.58379
11.242	-4.6773
11.244	-4.43709
11.246	-4.57074
11.248	-4.68835
11.25	-4.43647
11.252	-4.26015
11.254	-4.40755
11.256	-4.38868
11.258	-4.52716
11.26	-4.54513
11.262	-4.50618
11.264	-4.49103
11.266	-4.54747
11.268	-4.41352
11.27	-4.39428
11.272	-4.30432
11.274	-4.46866
11.276	-4.45034
11.278	-4.36809
11.28	-4.56657
11.282	-4.6447
11.284	-4.63159
11.286	-4.64788
11.288	-4.45093
11.29	-4.10907
11.292	-4.15143
11.294	-4.23261
11.296	-4.23439
11.298	-4.30077
11.3	-4.41087
11.302	-4.50674
11.304	-4.2771
11.306	-4.35442
11.308	-4.27944
11.31	-4.0859
11.312	-4.02613
11.314	-4.13699
11.316	-4.05911
11.318	-4.17866
11.32	-4.36309
11.322	-4.35398
11.324	-4.43372
11.326	-4.23455
11.328	-4.16819
11.33	-4.00661
11.332	-3.96262
11.334	-3.89974
11.336	-3.9307
11.338	-4.08369
11.34	-4.186
11.342	-4.19587
11.344	-4.13273
11.346	-4.07583
11.348	-4.04624
11.35	-4.00007
11.352	-3.86392
11.354	-3.96825
11.356	-3.93475
11.358	-3.98831
11.36	-4.21958
11.362	-4.20536
11.364	-4.00093
11.366	-4.02637
11.368	-3.93062
11.37	-3.76509
11.372	-3.76547
11.374	-3.82381
11.376	-3.71898
11.378	-3.83479
11.38	-3.9715
11.382	-4.0264
11.384	-4.07477
11.386	-4.06565
11.388	-3.88515
11.39	-3.75552
11.392	-3.89052
11.394	-3.7784
11.396	-3.74549
11.398	-3.97735
