0	-0.0783107
0.002	-0.385633
0.004	-0.162899
0.006	-0.315171
0.008	-0.196535
0.01	-0.279706
0.012	0.0552205
0.014	-0.362367
0.016	-0.153195
0.018	-0.239459
0.02	-0.125543
0.022	-0.372094
0.024	-0.102453
0.026	-0.275786
0.028	-0.0988391
0.03	-0.17162
0.032	-0.0773352
0.034	-0.221988
0.036	-0.00178083
0.038	-0.22645
0.04	-0.0767223
0.042	-0.356844
0.044	-0.0872916
0.046	-0.225665
0.048	-0.168795
0.05	-0.197316
0.052	-0.0037746
0.054	-0.273175
0.056	-0.0356958
0.058	-0.197568
0.06	-0.0770985
0.062	-0.317577
0.064	0.0358626
0.066	-0.154174
0.068	-0.176058
0.07	-0.243805
0.072	-0.0243996
0.074	-0.176068
0.076	-0.047724
0.078	-0.165693
0.08	-0.0506591
0.082	-0.20917
0.084	-0.0904273
0.086	-0.315812
0.088	-0.0639799
0.09	-0.201124
0.092	-0.0294103
0.094	-0.252039
0.096	-0.106675
0.098	-0.264469
0.1	-0.107062
0.102	-0.222205
0.104	-0.0644054
0.106	-0.264845
0.108	-0.120304
0.11	-0.216915
0.112	-0.0263275
0.114	-0.158373
0.116	-0.0587874
0.118	-0.18043
0.12	0.00234072
0.122	-0.324944
0.124	-0.0861508
0.126	-0.24223
0.128	-0.0818112
0.13	-0.157073
0.132	-0.0597096
0.134	-0.163835
0.136	-0.0865981
0.138	-0.187687
0.14	-0.0250268
0.142	-0.27314
0.144	-0.151701
0.146	-0.19536
0.148	-0.146302
0.15	-0.190378
0.152	-0.0596369
0.154	-0.214144
0.156	-0.0569811
0.158	-0.188681
0.16	-0.166199
0.162	-0.421189
0.164	-0.114502
0.166	-0.266921
0.168	-0.0758526
0.17	-0.215355
0.172	-0.00317734
0.174	-0.260822
0.176	-0.137737
0.178	-1.18122
0.18	8.47146
0.182	6.05289
0.184	5.09707
0.186	4.15599
0.188	3.90828
0.19	3.6308
0.192	3.4529
0.194	3.07037
0.196	3.02222
0.198	2.83234
0.2	2.73408
0.202	2.4808
0.204	2.65964
0.206	2.40137
0.208	2.47193
0.21	2.41674
0.212	2.65866
0.214	2.3414
0.216	2.49452
0.218	2.40586
0.22	2.52187
0.222	2.28631
0.224	2.41712
0.226	2.275
0.228	2.29584
0.23	2.26984
0.232	2.47059
0.234	2.38201
0.236	2.45097
0.238	2.35909
0.24	2.47002
0.242	2.34793
0.244	2.41497
0.246	2.34071
0.248	2.39552
0.25	2.35469
0.252	2.50299
0.254	2.34527
0.256	2.47079
0.258	2.33717
0.26	2.39192
0.262	2.14803
0.264	2.43294
0.266	2.27199
0.268	2.40431
0.27	2.31158
0.272	2.56694
0.274	2.39489
0.276	2.46941
0.278	2.36323
0.28	2.48584
0.282	2.32813
0.284	2.50934
0.286	2.37385
0.288	2.47046
0.29	2.36739
0.292	2.49217
0.294	2.40984
0.296	2.38784
0.298	2.38445
0.3	2.49118
0.302	2.22757
0.304	2.30267
0.306	2.36198
0.308	2.42275
0.31	2.30888
0.312	2.42412
0.314	2.37473
0.316	2.46548
0.318	2.36285
0.32	2.42668
0.322	2.37435
0.324	2.47703
0.326	2.36374
0.328	2.37244
0.33	2.25831
0.332	2.42261
0.334	2.33481
0.336	2.38811
0.338	2.33731
0.34	2.35308
0.342	2.18213
0.344	2.46898
0.346	2.30365
0.348	2.3528
0.35	2.35749
0.352	2.4943
0.354	2.35703
0.356	2.40545
0.358	2.33939
0.36	2.41891
0.362	2.34937
0.364	2.41308
0.366	2.38056
0.368	2.3244
0.37	2.31093
0.372	2.51591
0.374	2.3888
0.376	2.45523
0.378	2.46494
0.38	2.50598
0.382	2.27768
0.384	2.3071
0.386	2.22832
0.388	2.45848
0.39	2.29072
0.392	2.40852
0.394	2.45384
0.396	2.51944
0.398	2.52448
0.4	2.48611
0.402	2.39254
0.404	2.49841
0.406	2.36044
0.408	2.42118
0.41	2.33587
0.412	2.43312
0.414	2.30931
0.416	2.43515
0.418	2.41183
0.42	2.48029
0.422	2.3925
0.424	2.36815
0.426	2.38411
0.428	2.46392
0.43	2.38283
0.432	2.49874
0.434	2.42499
0.436	2.54568
0.438	2.39428
0.44	2.50741
0.442	2.29693
0.444	2.50318
0.446	2.35711
0.448	2.33669
0.45	2.4192
0.452	2.55476
0.454	2.41274
0.456	2.5492
0.458	2.47138
0.46	2.55682
0.462	2.39774
0.464	2.52171
0.466	2.40665
0.468	2.38788
0.47	2.43567
0.472	2.57722
0.474	2.4432
0.476	2.53663
0.478	2.53293
0.48	2.52417
0.482	2.38382
0.484	2.52322
0.486	2.31375
0.488	2.50413
0.49	2.53109
0.492	2.6146
0.494	2.48214
0.496	2.49312
0.498	2.48909
0.5	2.4996
0.502	2.42933
0.504	2.49628
0.506	2.39306
0.508	2.4646
0.51	2.39967
0.512	2.60994
0.514	2.50127
0.516	2.52774
0.518	2.62793
0.52	2.59036
0.522	2.53584
0.524	2.58955
0.526	2.4172
0.528	2.49265
0.53	2.44872
0.532	2.64873
0.534	2.61705
0.536	2.48103
0.538	2.47818
0.54	2.48811
0.542	2.33647
0.544	2.38834
0.546	2.46854
0.548	2.51747
0.55	2.49895
0.552	2.64074
0.554	2.49432
0.556	2.59512
0.558	2.59447
0.56	2.54248
0.562	2.48817
0.564	2.57793
0.566	2.4812
0.568	2.60609
0.57	2.4351
0.572	2.69756
0.574	2.55748
0.576	2.56781
0.578	2.62011
0.58	2.69229
0.582	2.55526
0.584	2.64996
0.586	2.46336
0.588	2.59916
0.59	2.58231
0.592	2.57069
0.594	2.48409
0.596	2.65505
0.598	2.52613
0.6	2.59912
0.602	2.52729
0.604	2.44974
0.606	2.52526
0.608	2.49427
0.61	2.5045
0.612	2.7388
0.614	2.58967
0.616	2.64291
0.618	2.62703
0.62	2.59748
0.622	2.66241
0.624	2.53938
0.626	2.54456
0.628	2.47249
0.63	2.45019
0.632	2.60609
0.634	2.60975
0.636	2.63781
0.638	2.68582
0.64	2.63142
0.642	2.47712
0.644	2.48064
0.646	2.4812
0.648	2.48398
0.65	2.63653
0.652	2.63835
0.654	2.58433
0.656	2.58339
0.658	2.54233
0.66	2.6066
0.662	2.42197
0.664	2.63199
0.666	2.51375
0.668	2.60108
0.67	2.56915
0.672	2.56354
0.674	2.64656
0.676	2.63491
0.678	2.55573
0.68	2.72996
0.682	2.58195
0.684	2.66909
0.686	2.58274
0.688	2.63029
0.69	2.55108
0.692	2.64336
0.694	2.63987
0.696	2.6924
0.698	2.76639
0.7	2.63177
0.702	2.69353
0.704	2.6099
0.706	2.62037
0.708	2.61891
0.71	2.60658
0.712	2.72098
0.714	2.72798
0.716	2.70225
0.718	2.76893
0.72	2.72193
0.722	2.63952
0.724	2.74186
0.726	2.60397
0.728	2.56106
0.73	2.62854
0.732	2.64325
0.734	2.68205
0.736	2.68875
0.738	2.62601
0.74	2.67942
0.742	2.72692
0.744	2.6825
0.746	2.67605
0.748	2.61377
0.75	2.70013
0.752	2.69363
0.754	2.76108
0.756	2.74535
0.758	2.78475
0.76	2.71663
0.762	2.69733
0.764	2.64718
0.766	2.62194
0.768	2.5937
0.77	2.69587
0.772	2.76832
0.774	2.79744
0.776	2.70316
0.778	2.75207
0.78	2.74536
0.782	2.66377
0.784	2.61692
0.786	2.57521
0.788	2.71755
0.79	2.68141
0.792	2.69999
0.794	2.65039
0.796	2.82494
0.798	2.77812
0.8	2.80105
0.802	2.59742
0.804	2.77429
0.806	2.74962
0.808	2.79841
0.81	2.75161
0.812	2.82935
0.814	2.80369
0.816	2.81946
0.818	2.68926
0.82	2.93413
0.822	2.80398
0.824	2.77547
0.826	2.92361
0.828	2.76819
0.83	2.82887
0.832	2.86397
0.834	2.85976
0.836	2.93562
0.838	2.98075
0.84	2.99983
0.842	2.9411
0.844	2.95002
0.846	2.84268
0.848	2.83476
0.85	2.92172
0.852	2.92767
0.854	2.85334
0.856	2.944
0.858	2.81187
0.86	2.88116
0.862	2.8116
0.864	2.87555
0.866	2.80593
0.868	2.80624
0.87	2.75979
0.872	2.89158
0.874	3.00273
0.876	3.01778
0.878	2.94757
0.88	2.89005
0.882	2.88788
0.884	3.00643
0.886	2.94597
0.888	2.86978
0.89	2.98414
0.892	3.01679
0.894	2.98997
0.896	3.04196
0.898	3.01926
0.9	3.00445
0.902	2.99897
0.904	2.93382
0.906	2.96546
0.908	2.9866
0.91	2.92782
0.912	3.03291
0.914	3.01346
0.916	3.04022
0.918	3.0824
0.92	3.25077
0.922	3.10049
0.924	3.04483
0.926	3.08635
0.928	2.99253
0.93	3.09544
0.932	3.19463
0.934	3.0471
0.936	3.16119
0.938	3.17094
0.94	3.14518
0.942	2.99042
0.944	3.08214
0.946	3.15375
0.948	2.98529
0.95	3.16937
0.952	3.13234
0.954	3.16017
0.956	3.09625
0.958	3.15676
0.96	3.13562
0.962	3.02875
0.964	3.06443
0.966	3.00135
0.968	2.99858
0.97	3.1074
0.972	3.13875
0.974	3.13437
0.976	3.129
0.978	3.16105
0.98	3.195
0.982	3.27989
0.984	3.11771
0.986	3.05746
0.988	3.10547
0.99	3.25037
0.992	3.2119
0.994	3.2394
0.996	3.29378
0.998	3.29802
1	3.33972
1.002	3.37963
1.004	3.2103
1.006	3.21543
1.008	3.18239
1.01	3.12913
1.012	3.40373
1.014	3.34937
1.016	3.3394
1.018	3.3322
1.02	3.41104
1.022	3.2392
1.024	3.25183
1.026	3.28396
1.028	3.30077
1.03	3.22962
1.032	3.36179
1.034	3.38278
1.036	3.36987
1.038	3.35935
1.04	3.30855
1.042	3.44846
1.044	3.34785
1.046	3.40883
1.048	3.37519
1.05	3.35417
1.052	3.50727
1.054	3.51323
1.056	3.54187
1.058	3.33799
1.06	3.54974
1.062	3.33458
1.064	3.29121
1.066	3.4002
1.068	3.34278
1.07	3.44047
1.072	3.47297
1.074	3.42015
1.076	3.40782
1.078	3.51515
1.08	3.4976
1.082	3.47561
1.084	3.3297
1.086	3.42734
1.088	3.38037
1.09	3.31928
1.092	3.44474
1.094	3.43696
1.096	3.33369
1.098	3.54071
1.1	3.52099
1.102	3.36354
1.104	3.38505
1.106	3.38358
1.108	3.42442
1.11	3.4562
1.112	3.53935
1.114	3.53431
1.116	3.48618
1.118	3.56281
1.12	3.57704
1.122	3.47163
1.124	3.54499
1.126	3.58482
1.128	3.49264
1.13	3.55658
1.132	3.61181
1.134	3.6735
1.136	3.51874
1.138	3.50048
1.14	3.65574
1.142	3.50121
1.144	3.46622
1.146	3.57793
1.148	3.52593
1.15	3.39289
1.152	3.67671
1.154	3.61411
1.156	3.53119
1.158	3.66657
1.16	3.62093
1.162	3.5812
1.164	3.64484
1.166	3.56774
1.168	3.59995
1.17	3.50434
1.172	3.67991
1.174	3.57463
1.176	3.58636
1.178	3.77066
1.18	3.56478
1.182	3.62655
1.184	3.46871
1.186	3.43833
1.188	3.47799
1.19	3.61972
1.192	3.727
1.194	3.70895
1.196	3.6985
1.198	3.62058
1.2	3.7206
1.202	3.47743
1.204	3.46714
1.206	3.56719
1.208	3.61299
1.21	3.53826
1.212	3.73583
1.214	3.71742
1.216	3.77089
1.218	3.73045
1.22	3.76869
1.222	3.74015
1.224	3.57156
1.226	3.66349
1.228	3.68675
1.23	3.61439
1.232	3.72834
1.234	3.71111
1.236	3.82022
1.238	3.86007
1.24	3.74854
1.242	3.76404
1.244	3.68128
1.246	3.67586
1.248	3.70226
1.25	3.74402
1.252	3.77171
1.254	3.98975
1.256	3.85856
1.258	3.81365
1.26	3.77937
1.262	3.7706
1.264	3.75041
1.266	3.83477
1.268	3.86073
1.27	3.89512
1.272	3.99117
1.274	4.08985
1.276	3.91477
1.278	3.87514
1.28	3.95937
1.282	3.99919
1.284	3.93804
1.286	3.8957
1.288	3.83583
1.29	3.97801
1.292	3.8853
1.294	3.85751
1.296	3.98184
1.298	3.98719
1.3	4.00761
1.302	3.83614
1.304	3.96666
1.306	3.89841
1.308	3.94205
1.31	3.91792
1.312	4.08356
1.314	4.05069
1.316	4.09799
1.318	4.14077
1.32	4.1029
1.322	3.94845
1.324	3.99048
1.326	3.9374
1.328	3.854
1.33	4.15588
1.332	4.05187
1.334	4.07776
1.336	4.04651
1.338	4.07346
1.34	4.13805
1.342	4.10637
1.344	4.01324
1.346	4.11438
1.348	4.12042
1.35	4.22693
1.352	4.16417
1.354	4.17438
1.356	4.24946
1.358	4.18452
1.36	4.15232
1.362	4.09165
1.364	4.1773
1.366	4.09298
1.368	3.94802
1.37	4.10044
1.372	4.21866
1.374	4.2746
1.376	4.22063
1.378	4.21997
1.38	4.24027
1.382	4.28881
1.384	4.10984
1.386	4.08246
1.388	4.15758
1.39	4.35604
1.392	4.2324
1.394	4.31581
1.396	4.31981
1.398	4.38538
1.4	4.32338
1.402	4.38216
1.404	4.22136
1.406	4.22918
1.408	4.18373
1.41	4.208
1.412	4.36108
1.414	4.39138
1.416	4.38775
1.418	4.26536
1.42	4.38561
1.422	4.3824
1.424	4.32918
1.426	4.40198
1.428	4.30905
1.43	4.26259
1.432	4.4034
1.434	4.33429
1.436	4.53174
1.438	4.45551
1.44	4.50362
1.442	4.28973
1.444	4.36911
1.446	4.26664
1.448	4.37572
1.45	4.35762
1.452	4.4244
1.454	4.63497
1.456	4.47975
1.458	4.45471
1.46	4.5382
1.462	4.45208
1.464	4.54808
1.466	4.35535
1.468	4.39691
1.47	4.39806
1.472	4.42534
1.474	4.61155
1.476	4.61571
1.478	4.53855
1.48	4.70596
1.482	4.55467
1.484	4.39589
1.486	4.5254
1.488	4.43607
1.49	4.62242
1.492	4.57138
1.494	4.77174
1.496	4.69119
1.498	4.599
1.5	4.70886
1.502	4.64774
1.504	4.63925
1.506	4.53611
1.508	4.65505
1.51	4.59048
1.512	4.59972
1.514	4.81353
1.516	4.77326
1.518	4.73928
1.52	4.77741
1.522	4.65767
1.524	4.45999
1.526	4.63342
1.528	4.64341
1.53	4.76617
1.532	4.775
1.534	4.9356
1.536	4.76436
1.538	4.83165
1.54	4.83293
1.542	4.8433
1.544	4.69262
1.546	4.79439
1.548	4.77024
1.55	4.80483
1.552	4.92216
1.554	4.96199
1.556	4.89882
1.558	4.81522
1.56	4.88234
1.562	4.83341
1.564	4.67238
1.566	4.80829
1.568	4.89434
1.57	5.00107
1.572	4.92247
1.574	5.12851
1.576	5.04922
1.578	5.07617
1.58	5.04558
1.582	4.97944
1.584	4.8788
1.586	4.85051
1.588	4.87554
1.59	4.85225
1.592	5.06525
1.594	5.06543
1.596	5.05961
1.598	4.99665
1.6	5.1185
1.602	5.12458
1.604	5.05166
1.606	4.9106
1.608	5.1027
1.61	5.1259
1.612	5.13887
1.614	5.02342
1.616	5.02275
1.618	5.03193
1.62	5.06697
1.622	5.1866
1.624	5.00841
1.626	5.2588
1.628	5.07305
1.63	5.19846
1.632	5.13704
1.634	5.24365
1.636	5.28005
1.638	5.19156
1.64	5.11721
1.642	5.20231
1.644	5.1631
1.646	5.04602
1.648	5.11004
1.65	5.2271
1.652	5.44659
1.654	5.38592
1.656	5.36043
1.658	5.5083
1.66	5.35086
1.662	5.33301
1.664	5.30785
1.666	5.27932
1.668	5.20777
1.67	5.31592
1.672	5.34403
1.674	5.49454
1.676	5.52364
1.678	5.37777
1.68	5.32863
1.682	5.21791
1.684	5.2766
1.686	5.35069
1.688	5.34097
1.69	5.36883
1.692	5.47313
1.694	5.5538
1.696	5.5369
1.698	5.55076
1.7	5.47098
1.702	5.35274
1.704	5.31827
1.706	5.27055
1.708	5.39154
1.71	5.40726
1.712	5.40817
1.714	5.57748
1.716	5.4886
1.718	5.48199
1.72	5.5621
1.722	5.594
1.724	5.49093
1.726	5.41333
1.728	5.57343
1.73	5.51042
1.732	5.57068
1.734	5.59114
1.736	5.59023
1.738	5.59192
1.74	5.65886
1.742	5.55208
1.744	5.46015
1.746	5.46447
1.748	5.52322
1.75	5.56629
1.752	5.7115
1.754	5.8059
1.756	5.73849
1.758	5.51172
1.76	5.5228
1.762	5.52075
1.764	5.53015
1.766	5.62184
1.768	5.62089
1.77	5.64009
1.772	5.73727
1.774	5.8125
1.776	5.81862
1.778	5.71807
1.78	5.71603
1.782	5.59922
1.784	5.63124
1.786	5.65301
1.788	5.74121
1.79	5.77987
1.792	5.74035
1.794	5.78168
1.796	5.7854
1.798	5.65294
1.8	5.68537
1.802	5.82285
1.804	5.73264
1.806	5.76206
1.808	5.79836
1.81	5.76887
1.812	5.94338
1.814	5.97743
1.816	6.02387
1.818	5.93107
1.82	6.00632
1.822	5.94063
1.824	5.80759
1.826	5.73459
1.828	5.74616
1.83	5.86079
1.832	5.90303
1.834	6.0666
1.836	5.97137
1.838	5.86456
1.84	6.00638
1.842	5.94
1.844	5.84375
1.846	5.98667
1.848	6.04815
1.85	5.96875
1.852	6.11395
1.854	6.03786
1.856	6.05447
1.858	6.11154
1.86	6.03845
1.862	6.09162
1.864	6.00885
1.866	6.02579
1.868	6.13331
1.87	5.99576
1.872	6.19468
1.874	6.15786
1.876	6.18398
1.878	6.17873
1.88	6.31489
1.882	6.08608
1.884	6.17343
1.886	6.15861
1.888	6.25217
1.89	6.27405
1.892	6.12476
1.894	6.31301
1.896	6.23844
1.898	6.09104
1.9	6.28326
1.902	6.15922
1.904	6.10128
1.906	6.04442
1.908	6.18034
1.91	5.93247
1.912	6.29447
1.914	6.25116
1.916	6.24821
1.918	6.25739
1.92	6.24664
1.922	6.27032
1.924	6.08509
1.926	6.18609
1.928	6.20834
1.93	6.19227
1.932	6.23753
1.934	6.47156
1.936	6.35615
1.938	6.21192
1.94	6.53638
1.942	6.45585
1.944	6.35382
1.946	6.20617
1.948	6.133
1.95	6.20526
1.952	6.41497
1.954	6.41885
1.956	6.50054
1.958	6.53723
1.96	6.4326
1.962	6.28356
1.964	6.33561
1.966	6.25117
1.968	6.23221
1.97	6.25939
1.972	6.4179
1.974	6.54183
1.976	6.60348
1.978	6.3984
1.98	6.42986
1.982	6.41058
1.984	6.38361
1.986	6.42558
1.988	6.50158
1.99	6.408
1.992	6.35264
1.994	6.64215
1.996	6.58234
1.998	6.48262
2	6.51148
2.002	6.53344
2.004	6.46186
2.006	6.48946
2.008	6.59136
2.01	6.40868
2.012	6.58584
2.014	6.62219
2.016	6.66712
2.018	6.67385
2.02	6.49119
2.022	6.5938
2.024	6.52624
2.026	6.66198
2.028	6.59419
2.03	6.53933
2.032	6.63977
2.034	6.53722
2.036	6.72697
2.038	6.69081
2.04	6.77451
2.042	6.67026
2.044	6.56123
2.046	6.48233
2.048	6.70435
2.05	6.80374
2.052	6.79098
2.054	6.91634
2.056	6.86924
2.058	6.89695
2.06	6.82049
2.062	6.68815
2.064	6.68538
2.066	6.79675
2.068	6.88735
2.07	6.80651
2.072	6.77034
2.074	6.87973
2.076	6.9839
2.078	6.84227
2.08	7.03932
2.082	6.82372
2.084	6.99459
2.086	6.76846
2.088	6.87967
2.09	6.93006
2.092	6.76582
2.094	6.91885
2.096	7.10674
2.098	6.96612
2.1	6.95654
2.102	7.00298
2.104	6.98075
2.106	7.01724
2.108	7.12049
2.11	6.89248
2.112	6.89331
2.114	7.01938
2.116	7.18681
2.118	6.92816
2.12	7.04915
2.122	7.0374
2.124	7.06981
2.126	6.89542
2.128	7.10163
2.13	7.26777
2.132	7.10559
2.134	7.2189
2.136	7.26604
2.138	7.05138
2.14	7.21932
2.142	7.21853
2.144	7.1249
2.146	7.05777
2.148	7.29027
2.15	7.08169
2.152	7.2241
2.154	7.21239
2.156	7.33635
2.158	7.1826
2.16	7.24568
2.162	7.05002
2.164	7.36658
2.166	7.03863
2.168	7.06738
2.17	7.2152
2.172	7.19147
2.174	7.29842
2.176	7.3408
2.178	7.13933
2.18	7.30552
2.182	7.30723
2.184	7.19909
2.186	7.19367
2.188	7.31155
2.19	7.17737
2.192	7.36713
2.194	7.44755
2.196	7.54244
2.198	7.40232
2.2	7.53599
2.202	7.3933
2.204	7.29971
2.206	7.40786
2.208	7.4241
2.21	7.21747
2.212	7.44458
2.214	7.61056
2.216	7.48788
2.218	7.33856
2.22	7.60049
2.222	7.36931
2.224	7.59701
2.226	7.39404
2.228	7.7634
2.23	7.52438
2.232	7.59642
2.234	7.63699
2.236	7.76714
2.238	7.54233
2.24	7.68193
2.242	7.66318
2.244	7.45945
2.246	7.49282
2.248	7.73579
2.25	7.57788
2.252	7.52026
2.254	7.78063
2.256	7.83748
2.258	7.4964
2.26	7.92331
2.262	7.70149
2.264	7.63902
2.266	7.57246
2.268	7.77358
2.27	7.65543
2.272	7.87035
2.274	7.68712
2.276	7.86198
2.278	7.66964
2.28	7.77991
2.282	7.83016
2.284	7.98143
2.286	7.53803
2.288	7.80688
2.29	7.64134
2.292	7.72902
2.294	7.8191
2.296	7.88761
2.298	7.65405
2.3	7.99436
2.302	7.64527
2.304	7.85816
2.306	7.77841
2.308	7.99304
2.31	7.66542
2.312	8.00376
2.314	8.0574
2.316	7.92258
2.318	7.95091
2.32	8.11574
2.322	8.01218
2.324	7.79069
2.326	7.7891
2.328	7.88882
2.33	7.98307
2.332	8.04953
2.334	8.11496
2.336	7.99992
2.338	7.9143
2.34	8.15891
2.342	7.94596
2.344	7.94867
2.346	8.06028
2.348	8.00582
2.35	8.06047
2.352	7.99414
2.354	8.12992
2.356	8.16513
2.358	7.97552
2.36	8.15831
2.362	8.11914
2.364	8.05297
2.366	7.93677
2.368	8.27046
2.37	8.20641
2.372	8.13157
2.374	8.17412
2.376	8.21781
2.378	8.03364
2.38	8.09912
2.382	8.00351
2.384	7.98771
2.386	7.97944
2.388	8.29822
2.39	7.98397
2.392	8.04817
2.394	8.41649
2.396	8.18641
2.398	8.10845
2.4	8.31595
2.402	8.23981
2.404	7.9919
2.406	8.22224
2.408	8.24617
2.41	8.2908
2.412	8.2853
2.414	8.17496
2.416	8.24928
2.418	8.1568
2.42	8.38237
2.422	8.28393
2.424	8.27685
2.426	8.2617
2.428	8.40308
2.43	8.32331
2.432	8.43697
2.434	8.40068
2.436	8.62658
2.438	8.25004
2.44	8.47777
2.442	8.55779
2.444	8.25132
2.446	8.30091
2.448	8.51729
2.45	8.32574
2.452	8.46192
2.454	8.44654
2.456	8.57695
2.458	8.32415
2.46	8.5261
2.462	8.49775
2.464	8.44393
2.466	8.18409
2.468	8.52101
2.47	8.54544
2.472	8.44322
2.474	8.53145
2.476	8.50172
2.478	8.3702
2.48	8.61611
2.482	8.5922
2.484	8.53162
2.486	8.20137
2.488	8.63003
2.49	8.61052
2.492	8.62312
2.494	8.73396
2.496	8.73053
2.498	8.59576
2.5	8.71843
2.502	8.51629
2.504	8.62174
2.506	8.61863
2.508	8.70035
2.51	8.61352
2.512	8.61173
2.514	8.5899
2.516	8.66108
2.518	8.70549
2.52	8.58977
2.522	8.73307
2.524	8.60347
2.526	8.52673
2.528	8.93775
2.53	8.75426
2.532	8.79463
2.534	8.67298
2.536	8.73134
2.538	8.6244
2.54	8.74989
2.542	8.55918
2.544	8.38855
2.546	8.58214
2.548	8.74954
2.55	8.61577
2.552	8.57691
2.554	8.88665
2.556	8.85326
2.558	8.59083
2.56	8.59546
2.562	8.60373
2.564	8.76881
2.566	8.596
2.568	8.99794
2.57	8.6998
2.572	8.94486
2.574	8.83322
2.576	9.0831
2.578	8.79648
2.58	9.01026
2.582	8.9279
2.584	8.93635
2.586	8.81616
2.588	9.15333
2.59	8.97991
2.592	9.11637
2.594	9.13778
2.596	9.13024
2.598	8.85984
2.6	9.17391
2.602	8.97073
2.604	9.04775
2.606	8.9387
2.608	8.98641
2.61	8.93773
2.612	9.331
2.614	9.27073
2.616	9.19426
2.618	8.88482
2.62	8.99952
2.622	8.8504
2.624	9.20894
2.626	8.96436
2.628	9.09815
2.63	9.23386
2.632	9.12166
2.634	9.24375
2.636	9.28474
2.638	9.01847
2.64	9.01731
2.642	9.04045
2.644	9.22413
2.646	9.05259
2.648	9.21861
2.65	8.88028
2.652	9.20393
2.654	9.35591
2.656	9.23641
2.658	9.00043
2.66	9.27543
2.662	9.24015
2.664	9.24037
2.666	9.1766
2.668	9.49572
2.67	9.28584
2.672	9.41629
2.674	9.20752
2.676	9.324
2.678	9.1793
2.68	9.51464
2.682	9.21076
2.684	9.31695
2.686	9.16542
2.688	9.41024
2.69	9.24417
2.692	9.51841
2.694	9.27294
2.696	9.49421
2.698	9.28101
2.7	9.53172
2.702	9.30783
2.704	9.44301
2.706	9.22009
2.708	9.52183
2.71	9.16462
2.712	9.35851
2.714	9.48357
2.716	9.50437
2.718	9.40355
2.72	9.47456
2.722	9.42537
2.724	9.62404
2.726	9.18534
2.728	9.41376
2.73	9.35219
2.732	9.57797
2.734	9.57345
2.736	9.76652
2.738	9.39704
2.74	9.60916
2.742	9.56204
2.744	9.28552
2.746	9.42043
2.748	9.60511
2.75	9.46026
2.752	9.64805
2.754	9.67035
2.756	9.72785
2.758	9.45442
2.76	9.68418
2.762	9.5678
2.764	9.57493
2.766	9.42301
2.768	9.66356
2.77	9.69265
2.772	9.74292
2.774	9.77163
2.776	9.65097
2.778	9.66427
2.78	9.84115
2.782	9.74609
2.784	9.45178
2.786	9.54986
2.788	9.79809
2.79	9.5369
2.792	9.88372
2.794	9.82418
2.796	9.8043
2.798	9.71284
2.8	9.61976
2.802	9.54206
2.804	9.71052
2.806	9.67502
2.808	9.70812
2.81	9.66426
2.812	9.7937
2.814	9.72916
2.816	9.83247
2.818	9.60286
2.82	9.99963
2.822	9.65983
2.824	9.96409
2.826	9.65368
2.828	9.96827
2.83	9.71757
2.832	9.86052
2.834	9.9571
2.836	10.0002
2.838	9.74105
2.84	10.1351
2.842	9.87668
2.844	9.82778
2.846	9.97622
2.848	9.93568
2.85	9.93903
2.852	10.0497
2.854	9.97897
2.856	10.1206
2.858	9.92399
2.86	10.3252
2.862	9.84562
2.864	9.97237
2.866	10.1566
2.868	10.2154
2.87	10.0174
2.872	10.1724
2.874	9.88434
2.876	10.0087
2.878	9.95058
2.88	10.0677
2.882	9.93821
2.884	10.0372
2.886	10.0811
2.888	10.1082
2.89	9.9511
2.892	10.2572
2.894	10.1829
2.896	10.3514
2.898	10.1109
2.9	10.3877
2.902	10.2516
2.904	10.3352
2.906	10.1108
2.908	10.1428
2.91	10.0175
2.912	10.3847
2.914	9.90779
2.916	10.3105
2.918	10.0548
2.92	10.2509
2.922	10.2124
2.924	10.1339
2.926	10.1369
2.928	10.4241
2.93	10.2345
2.932	10.2207
2.934	10.2132
2.936	10.3331
2.938	10.2095
2.94	10.4337
2.942	10.2352
2.944	10.3006
2.946	10.175
2.948	10.4724
2.95	10.1582
2.952	10.6681
2.954	10.3728
2.956	10.6138
2.958	10.509
2.96	10.4786
2.962	10.1355
2.964	10.3065
2.966	10.481
2.968	10.6734
2.97	10.3202
2.972	10.6152
2.974	10.5852
2.976	10.4224
2.978	10.243
2.98	10.6387
2.982	10.3397
2.984	10.5157
2.986	10.3916
2.988	10.743
2.99	10.3888
2.992	10.6867
2.994	10.5129
2.996	10.516
2.998	10.4122
3	10.5537
3.002	10.5802
3.004	10.4077
3.006	10.3827
3.008	10.5903
3.01	10.3713
3.012	10.8016
3.014	10.4947
3.016	10.5653
3.018	10.6393
3.02	10.5491
3.022	10.4624
3.024	10.4692
3.026	10.541
3.028	10.5685
3.03	10.4084
3.032	10.597
3.034	10.5476
3.036	10.7283
3.038	10.5909
3.04	10.7668
3.042	10.5622
3.044	10.671
3.046	10.7735
3.048	10.7894
3.05	10.4183
3.052	10.5923
3.054	10.7481
3.056	10.7536
3.058	10.6917
3.06	10.8189
3.062	10.6643
3.064	10.8782
3.066	10.8638
3.068	10.8324
3.07	10.7313
3.072	10.7794
3.074	11.0483
3.076	10.9647
3.078	10.8552
3.08	10.9
3.082	10.6758
3.084	10.7865
3.086	10.6702
3.088	11.1102
3.09	10.7788
3.092	10.9533
3.094	10.9168
3.096	10.7162
3.098	10.7169
3.1	10.9934
3.102	10.7156
3.104	10.7755
3.106	10.7254
3.108	11.0119
3.11	10.766
3.112	10.783
3.114	10.8748
3.116	10.9045
3.118	10.7884
3.12	11.0269
3.122	10.9098
3.124	10.9942
3.126	10.9085
3.128	10.9812
3.13	11.0217
3.132	10.8966
3.134	10.9544
3.136	11.1091
3.138	10.9029
3.14	10.9643
3.142	11.0331
3.144	11.0645
3.146	11.0755
3.148	11.0229
3.15	10.9438
3.152	11.2104
3.154	11.0447
3.156	11.0619
3.158	11.1143
3.16	11.1046
3.162	10.8336
3.164	11.0679
3.166	11.2307
3.168	11.2367
3.17	11.0984
3.172	11.1002
3.174	10.9512
3.176	11.3129
3.178	10.9109
3.18	11.1472
3.182	11.1895
3.184	11.1216
3.186	11.1126
3.188	11.3783
3.19	11.1869
3.192	11.1031
3.194	11.3519
3.196	11.2692
3.198	11.2341
3.2	11.2349
3.202	10.9803
3.204	11.2514
3.206	11.1876
3.208	11.5092
3.21	11.2514
3.212	11.195
3.214	11.193
3.216	11.2358
3.218	11.2314
3.22	11.4166
3.222	11.2209
3.224	11.1818
3.226	11.2115
3.228	11.2843
3.23	11.3997
3.232	11.4543
3.234	11.2346
3.236	11.5613
3.238	11.1914
3.24	11.2924
3.242	11.4092
3.244	11.3217
3.246	11.513
3.248	11.3489
3.25	11.436
3.252	11.6544
3.254	11.1372
3.256	11.2661
3.258	11.3545
3.26	11.2738
3.262	11.5154
3.264	11.6087
3.266	11.4931
3.268	11.4324
3.27	11.4313
3.272	11.5473
3.274	11.5078
3.276	11.4574
3.278	11.3643
3.28	11.5504
3.282	11.5504
3.284	11.5685
3.286	11.5324
3.288	11.5653
3.29	11.5648
3.292	11.5401
3.294	11.5798
3.296	11.8178
3.298	11.523
3.3	11.6977
3.302	11.7106
3.304	11.6415
3.306	11.5769
3.308	11.5907
3.31	11.7299
3.312	11.7687
3.314	11.681
3.316	11.6788
3.318	11.8509
3.32	11.5305
3.322	11.6103
3.324	11.6614
3.326	11.7183
3.328	11.7426
3.33	11.7352
3.332	11.6859
3.334	11.6496
3.336	11.6365
3.338	11.6277
3.34	11.662
3.342	11.652
3.344	11.6348
3.346	11.4824
3.348	11.8838
3.35	11.6126
3.352	11.9379
3.354	11.8671
3.356	11.6699
3.358	11.8359
3.36	11.6344
3.362	11.7358
3.364	11.8498
3.366	11.8506
3.368	11.82
3.37	11.6471
3.372	11.9197
3.374	11.8704
3.376	11.8025
3.378	11.7116
3.38	11.7838
3.382	11.5669
3.384	11.6383
3.386	11.817
3.388	11.9361
3.39	11.8892
3.392	11.8036
3.394	11.8152
3.396	12.0898
3.398	11.8743
3.4	11.8698
3.402	11.9892
3.404	11.8063
3.406	12.0035
3.408	12.058
3.41	11.6718
3.412	12.0442
3.414	12.0785
3.416	12.0331
3.418	11.9419
3.42	12.1049
3.422	11.844
3.424	12.1161
3.426	11.8036
3.428	11.8927
3.43	11.9719
3.432	11.8953
3.434	12.1
3.436	11.9393
3.438	11.8571
3.44	11.9513
3.442	11.8153
3.444	11.9887
3.446	11.8437
3.448	11.929
3.45	11.9752
3.452	11.9231
3.454	12.0265
3.456	12.1082
3.458	12.042
3.46	12.0255
3.462	11.9361
3.464	12.1122
3.466	12.2698
3.468	12.2409
3.47	12.1625
3.472	12.2137
3.474	12.1357
3.476	12.3835
3.478	12.0509
3.48	11.8131
3.482	12.1016
3.484	12.1585
3.486	11.868
3.488	12.3251
3.49	12.1904
3.492	12.3565
3.494	12.2473
3.496	12.4175
3.498	12.1205
3.5	11.9459
3.502	12.2447
3.504	12.3222
3.506	12.0384
3.508	12.0791
3.51	12.2707
3.512	12.2355
3.514	12.1649
3.516	12.3387
3.518	12.3374
3.52	12.4926
3.522	12.2025
3.524	12.2952
3.526	12.4957
3.528	12.5601
3.53	12.4809
3.532	12.328
3.534	12.2457
3.536	12.4415
3.538	12.0665
3.54	12.3698
3.542	12.3937
3.544	12.3595
3.546	12.2339
3.548	12.3707
3.55	12.2251
3.552	12.4299
3.554	12.4319
3.556	12.3619
3.558	12.4136
3.56	12.3027
3.562	12.2732
3.564	12.4918
3.566	12.1735
3.568	12.3315
3.57	12.3055
3.572	12.2867
3.574	12.265
3.576	12.6734
3.578	12.4119
3.58	12.5537
3.582	12.201
3.584	12.4162
3.586	12.0427
3.588	12.4473
3.59	12.3707
3.592	12.6456
3.594	12.4256
3.596	12.4426
3.598	12.3242
3.6	12.6176
3.602	12.5032
3.604	12.5537
3.606	12.6165
3.608	12.5009
3.61	12.5595
3.612	12.5354
3.614	12.6358
3.616	12.7239
3.618	12.4021
3.62	12.63
3.622	12.5362
3.624	12.6485
3.626	12.6
3.628	12.5688
3.63	12.6634
3.632	12.8539
3.634	12.621
3.636	12.8487
3.638	12.6376
3.64	12.4079
3.642	12.4909
3.644	12.4918
3.646	12.4681
3.648	12.4985
3.65	12.7826
3.652	12.798
3.654	12.7953
3.656	12.6367
3.658	12.5794
3.66	12.4488
3.662	12.808
3.664	12.6719
3.666	12.6207
3.668	12.7264
3.67	12.7991
3.672	12.8902
3.674	12.8967
3.676	12.7956
3.678	12.6072
3.68	12.7377
3.682	12.5611
3.684	12.7657
3.686	12.7417
3.688	12.7708
3.69	12.8534
3.692	12.7765
3.694	12.9529
3.696	12.9872
3.698	12.8387
3.7	12.6499
3.702	12.8673
3.704	13.021
3.706	12.737
3.708	13.0727
3.71	12.9029
3.712	12.9013
3.714	12.8662
3.716	13.0401
3.718	12.9243
3.72	12.7655
3.722	12.9407
3.724	12.9191
3.726	13.019
3.728	13.0853
3.73	12.9453
3.732	13.0375
3.734	13.2228
3.736	13.0062
3.738	12.9402
3.74	12.8209
3.742	12.9552
3.744	12.7685
3.746	12.7861
3.748	12.8171
3.75	13.1259
3.752	13.2768
3.754	13.1297
3.756	13.1203
3.758	12.9961
3.76	13.0631
3.762	12.8157
3.764	12.9445
3.766	12.9562
3.768	13.0833
3.77	13.2358
3.772	13.066
3.774	13.164
3.776	13.0492
3.778	13.1193
3.78	12.8092
3.782	13.2378
3.784	12.8724
3.786	12.7966
3.788	13.1782
3.79	13.199
3.792	12.9762
3.794	13.2264
3.796	13.3151
3.798	13.1081
3.8	13.0204
3.802	13.2149
3.804	13.0461
3.806	13.2643
3.808	13.2355
3.81	13.4269
3.812	13.4807
3.814	13.3285
3.816	13.4004
3.818	13.1846
3.82	13.0784
3.822	13.2251
3.824	13.4027
3.826	13.2728
3.828	13.3262
3.83	13.4821
3.832	13.4737
3.834	13.4642
3.836	13.5726
3.838	13.3414
3.84	13.3781
3.842	13.3481
3.844	13.3158
3.846	13.2712
3.848	13.4059
3.85	13.3574
3.852	13.4272
3.854	13.7178
3.856	13.268
3.858	13.5256
3.86	13.3067
3.862	13.2451
3.864	13.4241
3.866	13.563
3.868	13.5189
3.87	13.3196
3.872	13.4236
3.874	13.68
3.876	13.4581
3.878	13.3977
3.88	13.2799
3.882	13.521
3.884	13.4437
3.886	13.4858
3.888	13.328
3.89	13.7807
3.892	13.5962
3.894	13.6512
3.896	13.5149
3.898	13.4976
3.9	13.4731
3.902	13.4657
3.904	13.4873
3.906	13.546
3.908	13.4758
3.91	13.646
3.912	13.74
3.914	13.6976
3.916	13.7101
3.918	13.5414
3.92	13.3484
3.922	13.5491
3.924	13.5342
3.926	13.704
3.928	13.5801
3.93	13.6205
3.932	13.5183
3.934	13.6363
3.936	13.6526
3.938	13.5723
3.94	13.6691
3.942	13.5221
3.944	13.6147
3.946	13.6174
3.948	13.4046
3.95	13.7718
3.952	13.7088
3.954	13.9265
3.956	13.5457
3.958	13.9039
3.96	13.7594
3.962	13.6649
3.964	13.6523
3.966	13.5483
3.968	13.7946
3.97	13.8285
3.972	13.7587
3.974	14.0025
3.976	13.9423
3.978	14.0841
3.98	13.6547
3.982	13.7181
3.984	13.6204
3.986	13.7451
3.988	13.9323
3.99	13.8743
3.992	13.7199
3.994	13.8638
3.996	14.0778
3.998	13.7703
4	13.7537
4.002	13.9116
4.004	13.6806
4.006	13.7264
4.008	13.9147
4.01	13.9145
4.012	13.8056
4.014	13.9393
4.016	13.8209
4.018	14.0564
4.02	13.9922
4.022	13.9017
4.024	13.7858
4.026	14.099
4.028	13.707
4.03	13.9524
4.032	14.0998
4.034	13.8779
4.036	14.0142
4.038	13.7076
4.04	13.8584
4.042	14.1331
4.044	13.6493
4.046	13.7954
4.048	13.6986
4.05	13.9634
4.052	13.8317
4.054	14.2728
4.056	14.0348
4.058	13.7808
4.06	13.813
4.062	13.8832
4.064	13.9496
4.066	14.0536
4.068	13.7099
4.07	13.8963
4.072	14.084
4.074	14.0335
4.076	13.9899
4.078	13.9331
4.08	13.8772
4.082	14.0463
4.084	13.9254
4.086	13.8675
4.088	13.9863
4.09	14.0919
4.092	13.9741
4.094	14.3631
4.096	14.2894
4.098	14.2007
4.1	14.0551
4.102	14.2166
4.104	14.0576
4.106	14.1705
4.108	14.1614
4.11	14.4374
4.112	14.1125
4.114	14.1873
4.116	14.1982
4.118	14.1787
4.12	14.3448
4.122	14.193
4.124	14.2239
4.126	14.2598
4.128	14.3147
4.13	14.3515
4.132	14.4804
4.134	14.4866
4.136	14.477
4.138	14.5258
4.14	14.1557
4.142	14.3265
4.144	14.248
4.146	14.4347
4.148	14.5599
4.15	14.426
4.152	14.3806
4.154	14.4491
4.156	14.4641
4.158	14.3125
4.16	14.4863
4.162	14.2048
4.164	14.3237
4.166	14.3
4.168	14.2673
4.17	14.5036
4.172	14.4875
4.174	14.525
4.176	14.4212
4.178	14.5648
4.18	14.4119
4.182	14.3671
4.184	14.2327
4.186	14.3133
4.188	14.3384
4.19	14.6414
4.192	14.5924
4.194	14.5716
4.196	14.5555
4.198	14.2535
4.2	14.6833
4.202	14.416
4.204	14.3828
4.206	14.1932
4.208	14.3065
4.21	14.5862
4.212	14.4967
4.214	14.7644
4.216	14.6777
4.218	14.6062
4.22	14.3032
4.222	14.5729
4.224	14.655
4.226	14.6209
4.228	14.7143
4.23	14.5356
4.232	14.7161
4.234	14.6357
4.236	14.7469
4.238	14.6655
4.24	14.525
4.242	14.6389
4.244	14.6966
4.246	14.6552
4.248	14.6979
4.25	14.6369
4.252	14.6505
4.254	14.9198
4.256	14.6742
4.258	14.6222
4.26	14.6405
4.262	14.6097
4.264	14.7208
4.266	14.6338
4.268	14.6561
4.27	14.6367
4.272	14.8575
4.274	14.7149
4.276	14.6766
4.278	14.85
4.28	14.8398
4.282	14.7332
4.284	14.5522
4.286	14.7475
4.288	14.6274
4.29	14.5065
4.292	14.9536
4.294	14.8593
4.296	14.7853
4.298	14.7242
4.3	14.8167
4.302	14.8888
4.304	14.7391
4.306	14.9502
4.308	14.7339
4.31	15.1314
4.312	14.8052
4.314	15.0029
4.316	15.0333
4.318	15.0554
4.32	15.078
4.322	14.9736
4.324	14.795
4.326	14.9011
4.328	14.8467
4.33	14.9169
4.332	14.8301
4.334	14.9346
4.336	14.7998
4.338	14.9188
4.34	14.7341
4.342	14.9527
4.344	14.9608
4.346	14.9021
4.348	14.8959
4.35	15.0762
4.352	15.1189
4.354	15.1201
4.356	15.007
4.358	15.0101
4.36	14.7867
4.362	14.9316
4.364	14.9838
4.366	15.0699
4.368	14.6565
4.37	14.5702
4.372	14.827
4.374	14.8608
4.376	15.0474
4.378	15.2979
4.38	15.0351
4.382	15.1435
4.384	15.2041
4.386	14.9775
4.388	14.9989
4.39	14.9556
4.392	14.9296
4.394	15.1773
4.396	15.0179
4.398	14.9535
4.4	14.9908
4.402	14.9315
4.404	14.9622
4.406	15.0031
4.408	14.8611
4.41	15.1114
4.412	14.9832
4.414	15.0289
4.416	15.1964
4.418	15.1795
4.42	15.3121
4.422	15.2766
4.424	15.2347
4.426	15.2081
4.428	15.2262
4.43	14.9091
4.432	14.9923
4.434	15.1139
4.436	14.963
4.438	15.1832
4.44	15.1821
4.442	15.1191
4.444	15.0137
4.446	15.0083
4.448	14.9958
4.45	15.0957
4.452	14.9876
4.454	15.2404
4.456	15.351
4.458	15.0308
4.46	15.2017
4.462	15.2441
4.464	15.1051
4.466	15.053
4.468	15.0667
4.47	15.2593
4.472	15.2525
4.474	15.3334
4.476	15.4337
4.478	15.4761
4.48	15.4739
4.482	15.5784
4.484	15.3553
4.486	15.4739
4.488	15.5076
4.49	15.5912
4.492	15.4618
4.494	15.3583
4.496	15.3522
4.498	15.4473
4.5	15.4631
4.502	15.4351
4.504	15.287
4.506	15.2323
4.508	15.2026
4.51	15.2044
4.512	15.2959
4.514	15.4625
4.516	15.2038
4.518	15.2934
4.52	15.4016
4.522	15.328
4.524	15.2825
4.526	15.2915
4.528	15.5887
4.53	15.28
4.532	15.5044
4.534	15.6231
4.536	15.4958
4.538	15.2965
4.54	15.6672
4.542	15.7003
4.544	15.46
4.546	15.5764
4.548	15.338
4.55	15.5447
4.552	15.3891
4.554	15.6525
4.556	15.5259
4.558	15.4823
4.56	15.2076
4.562	15.3709
4.564	15.325
4.566	15.2766
4.568	15.4687
4.57	15.451
4.572	15.7197
4.574	15.6089
4.576	15.4011
4.578	15.4301
4.58	15.6383
4.582	15.6465
4.584	15.7012
4.586	15.4733
4.588	15.54
4.59	15.308
4.592	15.339
4.594	15.608
4.596	15.5799
4.598	15.4401
4.6	15.3879
4.602	15.5154
4.604	15.8102
4.606	15.4501
4.608	15.4681
4.61	15.4165
4.612	15.6397
4.614	15.7498
4.616	15.5536
4.618	15.6989
4.62	15.6459
4.622	15.9031
4.624	15.5397
4.626	15.6517
4.628	15.6265
4.63	15.4339
4.632	15.6962
4.634	15.4869
4.636	15.776
4.638	15.6596
4.64	15.6554
4.642	15.6914
4.644	15.5136
4.646	15.6659
4.648	15.681
4.65	15.7558
4.652	15.9283
4.654	15.7367
4.656	15.8563
4.658	15.908
4.66	15.6634
4.662	15.7006
4.664	16.0188
4.666	15.7052
4.668	15.8285
4.67	15.674
4.672	15.8901
4.674	15.9344
4.676	15.9373
4.678	15.9794
4.68	15.8498
4.682	15.5326
4.684	15.9702
4.686	15.9577
4.688	15.8439
4.69	16.1226
4.692	15.8334
4.694	15.9222
4.696	16.1026
4.698	16.2192
4.7	16.235
4.702	15.9574
4.704	15.8585
4.706	15.7201
4.708	15.9524
4.71	15.9286
4.712	15.7992
4.714	16.0653
4.716	15.8452
4.718	16.0256
4.72	15.7052
4.722	15.865
4.724	15.641
4.726	16.0231
4.728	15.7861
4.73	15.8695
4.732	15.8227
4.734	15.7988
4.736	16.0847
4.738	16.0197
4.74	15.9524
4.742	16.1223
4.744	16.18
4.746	15.916
4.748	16.2069
4.75	15.9847
4.752	16.3109
4.754	16.1444
4.756	16.5467
4.758	16.1871
4.76	16.1979
4.762	15.9211
4.764	16.1129
4.766	15.8996
4.768	16.0541
4.77	16.1603
4.772	16.1548
4.774	15.9915
4.776	16.5496
4.778	16.1325
4.78	16.1395
4.782	16.0326
4.784	16.1588
4.786	15.7296
4.788	16.1659
4.79	16.3439
4.792	16.5776
4.794	16.3906
4.796	16.4578
4.798	16.3849
4.8	16.4914
4.802	16.0263
4.804	16.2644
4.806	16.1811
4.808	16.0884
4.81	16.2819
4.812	16.3816
4.814	16.2998
4.816	16.4816
4.818	16.4519
4.82	16.3661
4.822	16.2725
4.824	16.4117
4.826	16.2631
4.828	16.2085
4.83	16.1323
4.832	16.4585
4.834	16.3596
4.836	16.6117
4.838	16.3274
4.84	16.4882
4.842	16.4881
4.844	16.5739
4.846	16.439
4.848	16.5132
4.85	16.6802
4.852	16.4886
4.854	16.3675
4.856	16.5968
4.858	16.6659
4.86	16.8255
4.862	16.3333
4.864	16.414
4.866	16.2616
4.868	16.1336
4.87	16.4496
4.872	16.385
4.874	16.3284
4.876	16.5322
4.878	16.6703
4.88	16.3878
4.882	16.5037
4.884	16.7034
4.886	16.4226
4.888	16.5052
4.89	16.5726
4.892	16.5722
4.894	16.5137
4.896	16.4891
4.898	16.538
4.9	16.5031
4.902	16.613
4.904	16.6557
4.906	16.4608
4.908	16.431
4.91	16.409
4.912	16.6985
4.914	16.7308
4.916	16.6512
4.918	16.5133
4.92	16.5684
4.922	16.3058
4.924	16.7142
4.926	16.493
4.928	16.4371
4.93	16.5673
4.932	16.4549
4.934	16.7019
4.936	16.99
4.938	16.5711
4.94	16.7293
4.942	16.9528
4.944	16.8731
4.946	16.6093
4.948	16.5887
4.95	16.6253
4.952	16.6101
4.954	16.8766
4.956	16.8928
4.958	16.7481
4.96	16.8924
4.962	16.4801
4.964	16.6601
4.966	16.6663
4.968	16.8192
4.97	16.7888
4.972	16.9101
4.974	16.7943
4.976	17.2975
4.978	16.7948
4.98	17.0227
4.982	16.8951
4.984	16.9684
4.986	16.9054
4.988	16.8004
4.99	16.7571
4.992	16.9
4.994	16.9021
4.996	16.9584
4.998	16.6165
5	16.8359
5.002	16.9096
5.004	16.8541
5.006	16.5062
5.008	16.7543
5.01	16.7632
5.012	16.6472
5.014	17.0273
5.016	17.3499
5.018	17.0049
5.02	17.0938
5.022	16.8901
5.024	16.9743
5.026	16.8664
5.028	16.8075
5.03	16.8099
5.032	16.9687
5.034	17.113
5.036	17.1203
5.038	17.0021
5.04	17.0618
5.042	16.9504
5.044	17.2298
5.046	17.1982
5.048	17.1866
5.05	17.0602
5.052	16.9882
5.054	17.1285
5.056	17.1104
5.058	17.2539
5.06	17.0453
5.062	17.0132
5.064	17.0691
5.066	16.7395
5.068	17.113
5.07	17.0648
5.072	17.1173
5.074	17.1633
5.076	17.086
5.078	17.1071
5.08	17.2042
5.082	17.2759
5.084	17.2025
5.086	17.1385
5.088	17.0206
5.09	17.0003
5.092	17.2234
5.094	17.1017
5.096	17.4794
5.098	17.2671
5.1	17.3555
5.102	17.0044
5.104	16.9769
5.106	17.1712
5.108	17.4453
5.11	17.0934
5.112	17.2869
5.114	17.1176
5.116	17.4435
5.118	17.3185
5.12	17.1259
5.122	17.2996
5.124	17.0627
5.126	16.9125
5.128	17.2381
5.13	17.2231
5.132	17.1735
5.134	17.3042
5.136	17.5184
5.138	17.1094
5.14	17.1334
5.142	17.3587
5.144	17.2624
5.146	16.9799
5.148	17.4673
5.15	17.1105
5.152	17.4869
5.154	17.3379
5.156	17.6888
5.158	17.507
5.16	17.3503
5.162	17.5987
5.164	17.4298
5.166	17.1732
5.168	17.2593
5.17	17.4304
5.172	17.3472
5.174	17.5384
5.176	17.6174
5.178	18.2854
5.18	-2.36768
5.182	-0.959279
5.184	-0.19522
5.186	-0.0660865
5.188	0.526821
5.19	0.685428
5.192	0.863691
5.194	0.916018
5.196	1.28556
5.198	1.22309
5.2	1.35195
5.202	1.34832
5.204	1.39688
5.206	1.13775
5.208	1.32194
5.21	1.33148
5.212	1.4605
5.214	1.28258
5.216	1.61032
5.218	1.41426
5.22	1.52147
5.222	1.31623
5.224	1.57745
5.226	1.20036
5.228	1.3468
5.23	1.26815
5.232	1.33954
5.234	1.3294
5.236	1.64807
5.238	1.47832
5.24	1.47352
5.242	1.28995
5.244	1.30909
5.246	1.12855
5.248	1.21156
5.25	1.14192
5.252	1.22332
5.254	1.12692
5.256	1.45505
5.258	1.31369
5.26	1.35252
5.262	1.21915
5.264	1.31132
5.266	1.00739
5.268	1.16313
5.27	1.09646
5.272	1.1039
5.274	1.06012
5.276	1.34309
5.278	1.10936
5.28	1.24811
5.282	1.08762
5.284	1.13588
5.286	0.80334
5.288	1.03772
5.29	1.03985
5.292	1.07119
5.294	0.878588
5.296	1.22981
5.298	1.06018
5.3	1.09086
5.302	1.08182
5.304	1.10939
5.306	0.847436
5.308	0.901553
5.31	0.795888
5.312	0.915665
5.314	0.837465
5.316	1.07505
5.318	0.982807
5.32	1.0689
5.322	0.873746
5.324	0.945914
5.326	0.657908
5.328	0.801112
5.33	0.685589
5.332	0.81031
5.334	0.733149
5.336	1.06738
5.338	0.869698
5.34	0.950292
5.342	0.781163
5.344	0.893181
5.346	0.594267
5.348	0.704325
5.35	0.619618
5.352	0.659946
5.354	0.682445
5.356	0.885179
5.358	0.810677
5.36	0.790594
5.362	0.566101
5.364	0.74784
5.366	0.472099
5.368	0.603253
5.37	0.52906
5.372	0.65756
5.374	0.635767
5.376	0.901485
5.378	0.680813
5.38	0.730102
5.382	0.663147
5.384	0.770012
5.386	0.438819
5.388	0.588693
5.39	0.462672
5.392	0.673847
5.394	0.469159
5.396	0.764065
5.398	0.629902
5.4	0.778281
5.402	0.519349
5.404	0.597002
5.406	0.384195
5.408	0.501411
5.41	0.403348
5.412	0.629184
5.414	0.367747
5.416	0.741101
5.418	0.587389
5.42	0.582235
5.422	0.516046
5.424	0.601496
5.426	0.305087
5.428	0.352164
5.43	0.335928
5.432	0.398285
5.434	0.416753
5.436	0.679103
5.438	0.614383
5.44	0.703536
5.442	0.475853
5.444	0.557046
5.446	0.276144
5.448	0.410684
5.45	0.376381
5.452	0.487299
5.454	0.439884
5.456	0.674388
5.458	0.512254
5.46	0.642377
5.462	0.38192
5.464	0.664496
5.466	0.268399
5.468	0.29898
5.47	0.322635
5.472	0.415126
5.474	0.305035
5.476	0.675052
5.478	0.517693
5.48	0.549457
5.482	0.513616
5.484	0.459321
5.486	0.212748
5.488	0.437376
5.49	0.288579
5.492	0.36662
5.494	0.290943
5.496	0.519478
5.498	0.47531
5.5	0.550813
5.502	0.316933
5.504	0.50711
5.506	0.118477
5.508	0.29526
5.51	0.214239
5.512	0.33758
5.514	0.329862
5.516	0.606458
5.518	0.379497
5.52	0.527956
5.522	0.24216
5.524	0.37037
5.526	0.176145
5.528	0.379921
5.53	0.280137
5.532	0.392129
5.534	0.251931
5.536	0.494329
5.538	0.330674
5.54	0.4725
5.542	0.421652
5.544	0.445806
5.546	0.129103
5.548	0.289692
5.55	0.207798
5.552	0.385086
5.554	0.303321
5.556	0.50338
5.558	0.38012
5.56	0.447907
5.562	0.265701
5.564	0.419205
5.566	0.081842
5.568	0.305003
5.57	0.177532
5.572	0.284527
5.574	0.254446
5.576	0.495011
5.578	0.490896
5.58	0.508444
5.582	0.360314
5.584	0.429369
5.586	0.0205965
5.588	0.23369
5.59	0.120026
5.592	0.2835
5.594	0.223628
5.596	0.525356
5.598	0.342377
5.6	0.498414
5.602	0.345114
5.604	0.444819
5.606	0.0619849
5.608	0.195583
5.61	0.1168
5.612	0.174431
5.614	0.163099
5.616	0.520047
5.618	0.252089
5.62	0.458468
5.622	0.311741
5.624	0.39942
5.626	0.0184688
5.628	0.180675
5.63	0.110507
5.632	0.256589
5.634	0.163337
5.636	0.517112
5.638	0.287701
5.64	0.443132
5.642	0.333292
5.644	0.400851
5.646	0.0541229
5.648	0.184715
5.65	0.0760465
5.652	0.21565
5.654	0.149842
5.656	0.465616
5.658	0.324303
5.66	0.381654
5.662	0.325612
5.664	0.393293
5.666	0.0428745
5.668	0.15162
5.67	0.0494585
5.672	0.207055
5.674	0.173065
5.676	0.408166
5.678	0.140813
5.68	0.317492
5.682	0.235546
5.684	0.347646
5.686	-0.0494574
5.688	0.188631
5.69	0.0895945
5.692	0.159996
5.694	0.0814468
5.696	0.474327
5.698	0.192156
5.7	0.313215
5.702	0.197426
5.704	0.256771
5.706	0.0229051
5.708	0.141037
5.71	0.0772454
5.712	0.137888
5.714	0.0503127
5.716	0.404299
5.718	0.244265
5.72	0.281353
5.722	0.280139
5.724	0.35967
5.726	0.0346748
5.728	0.139455
5.73	0.0408718
5.732	0.112036
5.734	0.0599032
5.736	0.347605
5.738	0.254925
5.74	0.329869
5.742	0.204055
5.744	0.309703
5.746	0.0432021
5.748	0.13834
5.75	0.0896921
5.752	0.117924
5.754	0.0317167
5.756	0.339989
5.758	0.143812
5.76	0.254849
5.762	0.0899505
5.764	0.264932
5.766	-0.00422192
5.768	0.101908
5.77	0.0894118
5.772	0.16792
5.774	0.112024
5.776	0.288144
5.778	0.232297
5.78	0.337068
5.782	0.208412
5.784	0.237635
5.786	-0.0962632
5.788	0.191898
5.79	0.0621799
5.792	0.215867
5.794	0.0269617
5.796	0.355648
5.798	0.215786
5.8	0.304574
5.802	0.197665
5.804	0.323349
5.806	-0.0603765
5.808	0.120233
5.81	-0.0430344
5.812	0.121539
5.814	0.0761704
5.816	0.370067
5.818	0.222065
5.82	0.263372
5.822	0.132635
5.824	0.191697
5.826	-0.0200643
5.828	0.0919916
5.83	0.0949914
5.832	0.102352
5.834	0.0694467
5.836	0.3211
5.838	0.191502
5.84	0.310465
5.842	0.0922672
5.844	0.28547
5.846	-0.0826463
5.848	0.0805181
5.85	-0.0241472
5.852	0.0956553
5.854	-0.0610353
5.856	0.305964
5.858	0.215535
5.86	0.264266
5.862	0.0178229
5.864	0.257657
5.866	-0.0135796
5.868	0.114852
5.87	0.0115185
5.872	0.0521908
5.874	-0.00977985
5.876	0.326701
5.878	0.205428
5.88	0.279732
5.882	0.1169
5.884	0.290328
5.886	-0.113651
5.888	0.0490281
5.89	-0.060934
5.892	0.12239
5.894	-0.0611175
5.896	0.33007
5.898	0.142357
5.9	0.236219
5.902	0.151003
5.904	0.219491
5.906	-0.0630506
5.908	0.0763493
5.91	-0.0425544
5.912	0.0877142
5.914	-0.0336508
5.916	0.330013
5.918	0.168409
5.92	0.200215
5.922	0.114806
5.924	0.200522
5.926	-0.0392416
5.928	0.0323577
5.93	0.0604209
5.932	0.0808721
5.934	-0.0367792
5.936	0.279623
5.938	0.118434
5.94	0.231499
5.942	0.124224
5.944	0.273474
5.946	-0.0741341
5.948	0.0516485
5.95	-0.0233346
5.952	0.123791
5.954	0.0547304
5.956	0.230402
5.958	0.22748
5.96	0.194884
5.962	0.118424
5.964	0.244163
5.966	-0.107744
5.968	-0.0471909
5.97	0.0141161
5.972	0.0460305
5.974	0.0300292
5.976	0.294647
5.978	0.132865
5.98	0.180347
5.982	0.0815882
5.984	0.133836
5.986	-0.0661953
5.988	0.145058
5.99	0.0409891
5.992	0.0433655
5.994	0.0120003
5.996	0.318782
5.998	0.151587
6	0.184581
6.002	0.131322
6.004	0.204178
6.006	-0.0426684
6.008	0.043294
6.01	-0.0252141
6.012	0.139146
6.014	0.0485572
6.016	0.280208
6.018	0.114235
6.02	0.256297
6.022	0.12686
6.024	0.232473
6.026	-0.00803059
6.028	0.0355293
6.03	0.00502576
6.032	0.0881536
6.034	0.048463
6.036	0.276422
6.038	0.13571
6.04	0.295394
6.042	0.141169
6.044	0.211691
6.046	-0.0184982
6.048	0.00688097
6.05	-0.0807646
6.052	0.0775167
6.054	-0.0215797
6.056	0.222354
6.058	0.114363
6.06	0.214663
6.062	0.13027
6.064	0.185323
6.066	-0.0383514
6.068	0.025519
6.07	-0.0132538
6.072	0.0336197
6.074	-0.135555
6.076	0.307863
6.078	0.134505
6.08	0.220759
6.082	0.128991
6.084	0.133455
6.086	-0.0277049
6.088	0.063053
6.09	-6.47247e-4
6.092	0.0938098
6.094	0.0323972
6.096	0.191193
6.098	0.181688
6.1	0.180141
6.102	0.116031
6.104	0.168548
6.106	-0.028563
6.108	0.0413747
6.11	-0.0563652
6.112	0.0796166
6.114	-0.0130032
6.116	0.25759
6.118	0.174817
6.12	0.245572
6.122	0.0451995
6.124	0.154357
6.126	-0.100666
6.128	0.0438284
6.13	-0.0344695
6.132	0.0449709
6.134	0.0493588
6.136	0.194312
6.138	0.132625
6.14	0.219663
6.142	0.112427
6.144	0.184999
6.146	-0.00948711
6.148	0.0480491
6.15	-0.00603521
6.152	0.0496978
6.154	-0.0351726
6.156	0.286154
6.158	0.123286
6.16	0.147167
6.162	-0.0249907
6.164	0.171951
6.166	-0.00840338
6.168	0.0387421
6.17	-0.103617
6.172	0.0485932
6.174	-0.0344353
6.176	0.109897
6.178	0.0727196
6.18	0.189962
6.182	0.0681351
6.184	0.135999
6.186	-0.144268
6.188	-0.0392155
6.19	-0.0374622
6.192	0.0133876
6.194	-6.55815e-4
6.196	0.103945
6.198	0.134425
6.2	0.121979
6.202	0.0434066
6.204	0.153792
6.206	-0.0190902
6.208	-0.0242446
6.21	-0.0870877
6.212	0.129141
6.214	-0.0644713
6.216	0.156113
6.218	0.147797
6.22	0.194817
6.222	0.0475464
6.224	0.18263
6.226	0.00604818
6.228	-0.0220476
6.23	-0.127843
6.232	0.0396548
6.234	-0.113124
6.236	0.16064
6.238	0.150567
6.24	0.121017
6.242	0.046768
6.244	0.174987
6.246	-0.0546681
6.248	-0.0197761
6.25	-0.0385972
6.252	0.0976082
6.254	-0.0654179
6.256	0.242943
6.258	0.153289
6.26	0.17791
6.262	-0.0127465
6.264	0.102707
6.266	-0.0500276
6.268	-0.0490465
6.27	-0.054736
6.272	0.0200798
6.274	-0.0600324
6.276	0.15493
6.278	0.0881756
6.28	0.113291
6.282	0.0515654
6.284	0.167348
6.286	-0.0840826
6.288	0.0149223
6.29	-0.0435434
6.292	0.0535635
6.294	-0.0602255
6.296	0.162076
6.298	0.161866
6.3	0.179457
6.302	0.125053
6.304	0.12015
6.306	-0.0367784
6.308	0.0116856
6.31	-0.0934668
6.312	0.0488367
6.314	0.0163493
6.316	0.11974
6.318	0.111289
6.32	0.0592809
6.322	-0.0198997
6.324	0.0886076
6.326	-0.0684029
6.328	0.0155507
6.33	-0.0346543
6.332	0.0511798
6.334	0.00925323
6.336	0.0585922
6.338	0.0576242
6.34	0.126611
6.342	0.0819294
6.344	0.125178
6.346	-0.00279609
6.348	-0.0662648
6.35	-0.0178589
6.352	-0.0134751
6.354	-0.0279999
6.356	0.129079
6.358	0.0955714
6.36	0.141939
6.362	0.080887
6.364	0.131913
6.366	0.0293441
6.368	0.020814
6.37	-0.0453881
6.372	0.0285248
6.374	-0.0106837
6.376	0.136859
6.378	0.129084
6.38	0.194103
6.382	0.11574
6.384	0.146559
6.386	-0.127588
6.388	-0.0504333
6.39	-0.0339169
6.392	0.0238843
6.394	0.00591843
6.396	0.0815365
6.398	0.121238
6.4	0.126533
6.402	0.117269
6.404	0.0951509
6.406	0.0671502
6.408	-0.0222047
6.41	-0.0291258
6.412	0.00923659
6.414	-0.0730324
6.416	0.110579
6.418	0.174458
6.42	0.121599
6.422	0.0962431
6.424	0.10979
6.426	0.0693988
6.428	-0.0207031
6.43	0.0233156
6.432	-0.00632355
6.434	-0.00921947
6.436	0.230822
6.438	0.107347
6.44	0.140611
6.442	0.14434
6.444	0.117356
6.446	0.0352153
6.448	0.0244865
6.45	-0.0714932
6.452	0.0654733
6.454	-0.107812
6.456	0.0820883
6.458	0.062213
6.46	0.163598
6.462	0.157227
6.464	0.190442
6.466	-0.0227216
6.468	0.0204218
6.47	-0.0859765
6.472	0.0427851
6.474	-0.0146445
6.476	0.0530775
6.478	0.0940214
6.48	0.137019
6.482	0.162583
6.484	0.132196
6.486	-4.70687e-4
6.488	0.0801232
6.49	-0.0186072
6.492	0.0407963
6.494	0.00319237
6.496	0.107105
6.498	0.0839101
6.5	0.149894
6.502	0.0985553
6.504	0.178157
6.506	0.0756415
6.508	0.00238748
6.51	0.0216969
6.512	-0.00350148
6.514	-0.0169638
6.516	0.0497894
6.518	0.0809507
6.52	0.14895
6.522	0.0640564
6.524	0.262723
6.526	0.0524953
6.528	0.0644481
6.53	-0.0552848
6.532	-0.0242155
6.534	-0.0323743
6.536	0.0978753
6.538	0.0735348
6.54	0.133787
6.542	0.148548
6.544	0.092905
6.546	-0.050132
6.548	-0.011802
6.55	-0.103192
6.552	-0.0217948
6.554	-0.0821835
6.556	-0.00806113
6.558	0.139037
6.56	0.0922047
6.562	0.00758839
6.564	0.136647
6.566	-0.00884933
6.568	-0.0468856
6.57	-0.0653396
6.572	-0.0662102
6.574	0.0104987
6.576	-0.0139732
6.578	0.113766
6.58	0.14464
6.582	0.0751749
6.584	0.0410879
6.586	0.0410374
6.588	0.0139949
6.59	-0.0319791
6.592	-0.0248223
6.594	-0.10218
6.596	0.0161045
6.598	0.0542177
6.6	0.206438
6.602	0.0724396
6.604	0.105023
6.606	0.104637
6.608	-0.0549264
6.61	-0.146274
6.612	0.0422133
6.614	0.0266345
6.616	-0.03819
6.618	0.0849516
6.62	0.112933
6.622	0.0266086
6.624	0.112828
6.626	0.112279
6.628	0.0124909
6.63	-0.0053304
6.632	-0.0338636
6.634	-0.106445
6.636	0.00803601
6.638	0.0659506
6.64	0.175156
6.642	0.175351
6.644	0.0974878
6.646	0.0720791
6.648	-0.0610807
6.65	-0.0612681
6.652	-0.0497183
6.654	0.0409518
6.656	-0.0244751
6.658	0.0672156
6.66	0.169445
6.662	0.0264248
6.664	0.146359
6.666	0.129619
6.668	-0.0654982
6.67	-0.011533
6.672	-0.0234149
6.674	-0.126841
6.676	-0.0433379
6.678	0.0740175
6.68	0.151701
6.682	0.12575
6.684	0.0817237
6.686	0.12396
6.688	0.057461
6.69	-7.93309e-4
6.692	-0.0179452
6.694	-0.135207
6.696	-0.0733691
6.698	0.0392382
6.7	0.0864695
6.702	0.0164253
6.704	0.158211
6.706	0.0947095
6.708	0.0160623
6.71	-0.035314
6.712	-0.0887546
6.714	-0.0668523
6.716	-0.0176326
6.718	0.122335
6.72	0.197155
6.722	0.123405
6.724	0.0873819
6.726	0.180388
6.728	0.0193308
6.73	-0.0158109
6.732	-0.0580976
6.734	-0.101866
6.736	-0.0852666
6.738	-0.0181851
6.74	0.106039
6.742	0.196457
6.744	0.143335
6.746	0.131397
6.748	-0.035448
6.75	0.00466799
6.752	-0.00991043
6.754	-0.0432983
6.756	-0.0196808
6.758	0.0990336
6.76	0.19859
6.762	0.0516594
6.764	0.118906
6.766	0.161291
6.768	-0.0283374
6.77	-0.0286302
6.772	-0.0617298
6.774	-0.0769336
6.776	-0.00645945
6.778	0.0335372
6.78	0.157733
6.782	0.116787
6.784	0.10234
6.786	0.0664584
6.788	0.122894
6.79	0.00105316
6.792	-0.0336666
6.794	-0.0145844
6.796	-0.043366
6.798	0.087181
6.8	0.123173
6.802	0.090693
6.804	0.142473
6.806	0.204169
6.808	-0.102587
6.81	0.00377412
6.812	-0.00180656
6.814	0.0079666
6.816	-0.0899828
6.818	0.057499
6.82	0.129365
6.822	0.222576
6.824	0.106847
6.826	0.216657
6.828	-0.0172605
6.83	-0.0244092
6.832	-0.0562223
6.834	-0.0402288
6.836	-0.00848029
6.838	0.122181
6.84	0.155375
6.842	0.164349
6.844	0.111612
6.846	0.136233
6.848	-0.0214846
6.85	-0.0909362
6.852	-0.0563633
6.854	0.0189396
6.856	-0.130399
6.858	0.0768201
6.86	0.132626
6.862	0.0519748
6.864	0.123768
6.866	0.142937
6.868	-0.0672819
6.87	-0.0571418
6.872	-0.0345832
6.874	-0.00924602
6.876	-0.00105185
6.878	0.180357
6.88	0.204507
6.882	0.166615
6.884	0.079196
6.886	0.103994
6.888	0.0366601
6.89	-0.0456106
6.892	-0.0804139
6.894	-0.109828
6.896	-0.123899
6.898	0.110863
6.9	0.0886494
6.902	0.150849
6.904	0.119503
6.906	0.158635
6.908	-0.0366823
6.91	-0.103552
6.912	-0.0811633
6.914	-0.0309418
6.916	-0.0800983
6.918	0.0261624
6.92	0.140418
6.922	0.138279
6.924	0.15184
6.926	0.104189
6.928	0.040855
6.93	-0.107744
6.932	0.00590074
6.934	-0.0132605
6.936	-0.144138
6.938	0.0521788
6.94	0.165784
6.942	0.0436985
6.944	0.136217
6.946	0.215995
6.948	-0.0388688
6.95	0.00564526
6.952	-0.0442237
6.954	0.0527053
6.956	-0.0700973
6.958	0.107379
6.96	0.0815751
6.962	0.0724803
6.964	0.0412549
6.966	0.216585
6.968	-0.0509292
6.97	-0.00188542
6.972	-0.0627202
6.974	-0.100868
6.976	-0.151519
6.978	0.106518
6.98	0.191863
6.982	0.086262
6.984	0.121068
6.986	0.160472
6.988	0.0135709
6.99	-0.0176207
6.992	-0.0265136
6.994	0.00288509
6.996	-0.0542086
6.998	0.130003
7	0.092425
7.002	0.134293
7.004	0.144593
7.006	0.25223
7.008	0.0427026
7.01	-0.0994739
7.012	0.10882
7.014	0.0245124
7.016	-0.145993
7.018	0.0641245
7.02	0.108921
7.022	0.163171
7.024	0.107249
7.026	0.226166
7.028	-0.0312472
7.03	-0.0525125
7.032	0.021233
7.034	-8.22085e-4
7.036	-0.0846394
7.038	0.153026
7.04	0.210294
7.042	0.153676
7.044	0.0465018
7.046	0.282315
7.048	-0.0328564
7.05	-0.0349226
7.052	-0.0747397
7.054	-0.0964314
7.056	-0.13529
7.058	0.137652
7.06	0.1109
7.062	0.189491
7.064	0.114002
7.066	0.277071
7.068	-0.0339554
7.07	-0.0485222
7.072	0.0254821
7.074	-0.0172831
7.076	-0.0950175
7.078	0.158357
7.08	0.119695
7.082	0.0976462
7.084	0.106992
7.086	0.176512
7.088	-0.0121295
7.09	-0.00230633
7.092	-0.124571
7.094	-0.00397111
7.096	-0.142651
7.098	0.0745243
7.1	0.117014
7.102	0.112332
7.104	0.12465
7.106	0.230592
7.108	-0.053124
7.11	-0.0241006
7.112	-0.0590059
7.114	-0.0345481
7.116	-0.110365
7.118	0.100751
7.12	0.125538
7.122	0.108507
7.124	0.117352
7.126	0.219247
7.128	0.0313275
7.13	-0.00468726
7.132	-0.0450135
7.134	-0.0148537
7.136	-0.175293
7.138	-0.00213249
7.14	0.157258
7.142	0.134589
7.144	0.0748782
7.146	0.213733
7.148	-0.0563232
7.15	-0.0247518
7.152	-0.0126712
7.154	0.024215
7.156	-0.148157
7.158	0.156084
7.16	0.0995014
7.162	0.186768
7.164	0.140372
7.166	0.132523
7.168	0.00177534
7.17	-0.0265935
7.172	-0.0827695
7.174	-0.0249473
7.176	-0.134338
7.178	0.154389
7.18	0.233554
7.182	0.153077
7.184	0.118779
7.186	0.222562
7.188	0.0336304
7.19	0.0340206
7.192	-0.0124704
7.194	0.00486521
7.196	-0.104759
7.198	0.0979171
7.2	0.150606
7.202	0.130895
7.204	0.0493692
7.206	0.287376
7.208	-0.0461767
7.21	-0.0699728
7.212	-0.0145846
7.214	0.0901006
7.216	-0.125865
7.218	0.10878
7.22	0.16567
7.222	0.190674
7.224	0.151253
7.226	0.302311
7.228	-0.00178294
7.23	0.00640816
7.232	0.00279475
7.234	0.00142107
7.236	-0.0758204
7.238	0.125227
7.24	0.217061
7.242	0.159565
7.244	0.119597
7.246	0.201935
7.248	-0.0561025
7.25	-0.103062
7.252	-0.0962567
7.254	0.00751393
7.256	-0.0516886
7.258	0.18356
7.26	0.114156
7.262	0.189737
7.264	0.0855496
7.266	0.273568
7.268	-0.0731085
7.27	0.0618847
7.272	-0.0887574
7.274	-0.00618242
7.276	-0.11847
7.278	0.0481773
7.28	0.117764
7.282	0.180763
7.284	0.122086
7.286	0.186415
7.288	-0.0279446
7.29	0.00204753
7.292	-0.0840151
7.294	0.0269959
7.296	-0.127489
7.298	0.13588
7.3	0.128452
7.302	0.157893
7.304	0.163067
7.306	0.211801
7.308	0.0355509
7.31	0.0462786
7.312	-0.0287697
7.314	-0.0529417
7.316	-0.204162
7.318	0.119776
7.32	0.193166
7.322	0.112798
7.324	0.167896
7.326	0.302853
7.328	-0.101092
7.33	0.0365519
7.332	-0.0296636
7.334	-0.0571378
7.336	-0.0956144
7.338	0.222966
7.34	0.1711
7.342	0.144486
7.344	0.0833001
7.346	0.313222
7.348	-0.00239983
7.35	0.0382486
7.352	-0.0641317
7.354	-0.0100419
7.356	-0.210341
7.358	0.166813
7.36	0.0471097
7.362	0.102178
7.364	0.11191
7.366	0.215299
7.368	-0.0641699
7.37	0.0811561
7.372	-0.0198454
7.374	0.0238791
7.376	-0.0774585
7.378	0.173127
7.38	0.167929
7.382	0.108193
7.384	0.133922
7.386	0.199592
7.388	-0.00275549
7.39	0.0552805
7.392	-0.103392
7.394	-0.00806927
7.396	-0.108905
7.398	0.170701
7.4	0.164709
7.402	0.192593
7.404	0.150725
7.406	0.26282
7.408	-0.0207532
7.41	-0.0359017
7.412	0.0376905
7.414	-0.0130152
7.416	-0.139538
7.418	0.170619
7.42	0.108068
7.422	0.185898
7.424	-0.028356
7.426	0.339876
7.428	0.0084275
7.43	-0.0193827
7.432	-0.0687705
7.434	0.00535791
7.436	-0.108225
7.438	0.200754
7.44	0.0727838
7.442	0.178139
7.444	0.149305
7.446	0.238604
7.448	0.0640019
7.45	0.0153226
7.452	-0.0625462
7.454	0.00858764
7.456	-0.125295
7.458	0.128439
7.46	0.0906917
7.462	0.14616
7.464	0.120971
7.466	0.272479
7.468	0.0398729
7.47	0.0585151
7.472	-0.0736787
7.474	-0.040551
7.476	-0.105014
7.478	0.161788
7.48	0.122394
7.482	0.164635
7.484	0.119915
7.486	0.271434
7.488	0.0702262
7.49	0.0989304
7.492	-0.00106027
7.494	0.105858
7.496	-0.108791
7.498	0.0983704
7.5	0.139039
7.502	0.309629
7.504	0.114045
7.506	0.31713
7.508	0.0797187
7.51	0.0257497
7.512	-0.045968
7.514	0.117392
7.516	-0.137176
7.518	0.149623
7.52	0.102166
7.522	0.198202
7.524	0.116236
7.526	0.189884
7.528	-0.00957562
7.53	0.0364974
7.532	-0.0419774
7.534	0.0141012
7.536	-0.222477
7.538	0.0486218
7.54	0.250231
7.542	0.157697
7.544	0.101423
7.546	0.238776
7.548	0.0401156
7.55	-0.00195613
7.552	-0.0577594
7.554	-0.05357
7.556	-0.0970081
7.558	0.136522
7.56	0.136425
7.562	0.175361
7.564	0.139886
7.566	0.245942
7.568	0.0240586
7.57	0.10174
7.572	-0.0558057
7.574	0.0531207
7.576	-0.0987418
7.578	0.0919752
7.58	0.0698586
7.582	0.204308
7.584	0.0676177
7.586	0.0537551
7.588	0.0882356
7.59	0.0079235
7.592	-0.0418194
7.594	0.0573452
7.596	-0.127078
7.598	0.120612
7.6	0.156453
7.602	0.226544
7.604	0.115748
7.606	0.264047
7.608	0.0263809
7.61	0.0379115
7.612	-0.0996244
7.614	0.088746
7.616	-0.196025
7.618	0.0584695
7.62	0.108709
7.622	0.206255
7.624	0.0892603
7.626	0.285156
7.628	0.00965188
7.63	0.0106261
7.632	-0.0917903
7.634	0.030686
7.636	-0.127103
7.638	0.0787441
7.64	0.117882
7.642	0.177091
7.644	0.0462747
7.646	0.21619
7.648	0.0919982
7.65	0.0892706
7.652	-0.18887
7.654	-0.00132213
7.656	-0.118959
7.658	0.0893399
7.66	0.0623578
7.662	0.223457
7.664	0.150658
7.666	0.240129
7.668	0.0471605
7.67	-0.0197723
7.672	-0.136587
7.674	0.0265856
7.676	-0.229848
7.678	0.0557594
7.68	0.122083
7.682	0.170262
7.684	0.113151
7.686	0.246086
7.688	0.032382
7.69	0.0703163
7.692	-0.0695274
7.694	-0.0134472
7.696	-0.178575
7.698	-0.0156893
7.7	0.0205728
7.702	0.102702
7.704	0.0924855
7.706	0.223756
7.708	-0.00811052
7.71	0.0115803
7.712	-0.154357
7.714	-0.0183556
7.716	-0.181607
7.718	0.0102783
7.72	0.0892389
7.722	0.183868
7.724	0.105377
7.726	0.237933
7.728	-0.00270262
7.73	0.0319948
7.732	-0.103506
7.734	-0.0330934
7.736	-0.191454
7.738	-0.0612849
7.74	0.0662291
7.742	0.177573
7.744	0.0425606
7.746	0.27483
7.748	-0.0519124
7.75	0.0312028
7.752	-0.0492617
7.754	-0.0157466
7.756	-0.107009
7.758	0.0212767
7.76	-0.0191625
7.762	0.111784
7.764	0.0827684
7.766	0.234179
7.768	0.0945088
7.77	-0.0325505
7.772	-0.0252444
7.774	0.0489617
7.776	-0.112949
7.778	-0.0411455
7.78	0.181819
7.782	0.127364
7.784	0.081414
7.786	0.170127
7.788	0.12876
7.79	-0.00447114
7.792	-0.0445969
7.794	-0.0109368
7.796	-0.147196
7.798	0.0120156
7.8	0.102557
7.802	0.269595
7.804	0.0817513
7.806	0.27823
7.808	0.0527049
7.81	-0.0695196
7.812	-0.00884937
7.814	0.0201129
7.816	-0.14111
7.818	0.0324897
7.82	0.0322988
7.822	0.18462
7.824	0.106584
7.826	0.259435
7.828	0.0929262
7.83	0.0454183
7.832	-0.173346
7.834	0.0542847
7.836	-0.1022
7.838	-0.0116447
7.84	0.0582883
7.842	0.201904
7.844	0.127113
7.846	0.1807
7.848	0.0985158
7.85	-0.0265607
7.852	-0.0692713
7.854	-0.013276
7.856	-0.153418
7.858	-0.00328805
7.86	0.0955718
7.862	0.0831608
7.864	0.0972922
7.866	0.218941
7.868	0.130785
7.87	0.0352562
7.872	-0.0125471
7.874	0.0606149
7.876	-0.0960388
7.878	-0.0185412
7.88	0.0653676
7.882	0.145471
7.884	0.0549123
7.886	0.16222
7.888	0.149199
7.89	0.0401201
7.892	-0.0377392
7.894	0.0372352
7.896	-0.0983633
7.898	-0.02168
7.9	0.0363836
7.902	0.157196
7.904	0.0477575
7.906	0.157704
7.908	0.138562
7.91	0.0405558
7.912	-0.051853
7.914	0.126556
7.916	-0.0818966
7.918	0.0117367
7.92	0.154844
7.922	0.048004
7.924	0.0940859
7.926	0.29684
7.928	0.146254
7.93	0.085751
7.932	-0.0520765
7.934	-0.0324747
7.936	-0.0771554
7.938	-0.106837
7.94	0.110584
7.942	0.164251
7.944	-0.00779983
7.946	0.205135
7.948	0.128326
7.95	0.0273597
7.952	-0.0442967
7.954	-0.0230692
7.956	-0.0862763
7.958	-0.0188588
7.96	0.0471297
7.962	0.0968901
7.964	0.093489
7.966	0.207872
7.968	0.174381
7.97	0.0329246
7.972	-0.0355151
7.974	-0.0337739
7.976	-0.147219
7.978	-0.0257141
7.98	0.0672129
7.982	0.130783
7.984	0.0350178
7.986	0.131385
7.988	0.0312594
7.99	0.0467217
7.992	-0.0942589
7.994	0.112808
7.996	-0.0858123
7.998	-0.0792839
8	0.0121565
8.002	0.140363
8.004	0.0432578
8.006	0.184422
8.008	0.102603
8.01	0.0770093
8.012	-0.00113804
8.014	-0.0725634
8.016	-0.165602
8.018	-0.0774088
8.02	0.0721593
8.022	0.0674765
8.024	-0.0456092
8.026	0.127453
8.028	0.169154
8.03	-0.0354593
8.032	-0.00657958
8.034	-0.0372983
8.036	-0.0588505
8.038	-0.10278
8.04	0.00696853
8.042	0.104224
8.044	0.033477
8.046	0.182512
8.048	0.0946802
8.05	0.0225845
8.052	-0.0639861
8.054	-0.00289742
8.056	-0.172948
8.058	-0.0371848
8.06	0.033943
8.062	0.0741631
8.064	0.0575224
8.066	0.192242
8.068	0.13324
8.07	0.0382386
8.072	-0.0461793
8.074	-0.00794481
8.076	-0.113842
8.078	-0.125056
8.08	0.043584
8.082	0.170064
8.084	0.0816317
8.086	0.143967
8.088	0.166857
8.09	0.077715
8.092	0.0181766
8.094	0.0396342
8.096	-0.132235
8.098	-0.0777039
8.1	0.0527103
8.102	0.0663658
8.104	0.0490146
8.106	0.214269
8.108	0.152103
8.11	0.0478685
8.112	-0.0640773
8.114	0.0344089
8.116	-0.154705
8.118	-0.0972058
8.12	0.0461101
8.122	0.124557
8.124	0.0300414
8.126	0.231126
8.128	0.150991
8.13	0.0456543
8.132	-0.0639641
8.134	0.00633525
8.136	-0.104359
8.138	-0.0748337
8.14	-0.0270602
8.142	0.00329925
8.144	0.0418048
8.146	0.218495
8.148	0.16808
8.15	0.0473256
8.152	-0.0367518
8.154	0.0211125
8.156	-0.0999179
8.158	-0.148618
8.16	-0.0389937
8.162	0.0174017
8.164	0.0732316
8.166	0.168686
8.168	0.0631793
8.17	-0.00111552
8.172	0.0439652
8.174	-0.113039
8.176	-0.0566262
8.178	-0.0486155
8.18	0.0525552
8.182	0.125836
8.184	0.0513564
8.186	0.158144
8.188	0.229087
8.19	0.0871779
8.192	0.0262292
8.194	0.0240807
8.196	-0.0387473
8.198	-0.0537954
8.2	0.0168118
8.202	0.0368327
8.204	0.0721067
8.206	0.198471
8.208	0.158712
8.21	0.0515337
8.212	0.0484619
8.214	0.0688241
8.216	-0.121637
8.218	-0.0671436
8.22	0.0780881
8.222	0.154311
8.224	0.0772
8.226	0.102734
8.228	0.202912
8.23	0.0896559
8.232	0.0317245
8.234	0.0544123
8.236	-0.105719
8.238	-0.0808076
8.24	-0.0202681
8.242	0.0593655
8.244	0.00882998
8.246	0.0952932
8.248	0.0611445
8.25	0.062676
8.252	-0.0395503
8.254	-0.00335009
8.256	-0.0824625
8.258	-0.100848
8.26	-0.0281829
8.262	0.0321204
8.264	0.0353178
8.266	0.162786
8.268	0.0847401
8.27	0.0436678
8.272	0.045952
8.274	0.0019584
8.276	-0.259454
8.278	-0.0211872
8.28	0.00686716
8.282	0.104143
8.284	-0.0482179
8.286	0.110798
8.288	0.15073
8.29	0.0858524
8.292	-0.0255209
8.294	0.0530344
8.296	-0.11323
8.298	-0.12835
8.3	-0.0178901
8.302	0.0772263
8.304	0.0730387
8.306	0.141625
8.308	0.201852
8.31	0.0492554
8.312	0.0366328
8.314	0.0333443
8.316	-0.0137277
8.318	-0.0886049
8.32	0.0592315
8.322	0.0740968
8.324	0.0175274
8.326	0.154153
8.328	0.170701
8.33	0.0534439
8.332	0.0338636
8.334	0.0131574
8.336	-0.0841555
8.338	-0.187479
8.34	-0.004126
8.342	0.0437756
8.344	0.11046
8.346	0.17259
8.348	0.0839389
8.35	0.0782302
8.352	0.00241141
8.354	0.0569578
8.356	-0.0727048
8.358	-0.054047
8.36	0.0505284
8.362	0.0221706
8.364	0.0717001
8.366	0.148825
8.368	0.0806545
8.37	0.104373
8.372	-0.0181369
8.374	-0.0568178
8.376	-0.098804
8.378	-0.0656748
8.38	-0.031947
8.382	0.0551766
8.384	0.0722039
8.386	0.0714257
8.388	0.206374
8.39	0.154766
8.392	0.0185827
8.394	-0.0346063
8.396	0.0585931
8.398	-0.190991
8.4	0.0068192
8.402	0.00733346
8.404	0.0702797
8.406	0.0865258
8.408	0.227006
8.41	-0.0137486
8.412	0.0456957
8.414	-0.00433835
8.416	-0.0278138
8.418	-0.0876265
8.42	-0.0166872
8.422	0.00814615
8.424	0.0521477
8.426	0.13082
8.428	0.151932
8.43	0.0388846
8.432	-0.0425396
8.434	-0.026419
8.436	-0.0808262
8.438	-0.0822696
8.44	-0.015749
8.442	-0.0221315
8.444	0.0495782
8.446	0.115405
8.448	0.119961
8.45	0.00916305
8.452	0.0241862
8.454	0.0374134
8.456	-0.0420916
8.458	-0.123067
8.46	-0.0559837
8.462	0.0906762
8.464	0.0477852
8.466	0.18583
8.468	0.126324
8.47	0.0903591
8.472	0.00625586
8.474	-0.00312437
8.476	-0.0938001
8.478	-0.0259977
8.48	-0.0404885
8.482	0.0770258
8.484	0.0483018
8.486	0.161069
8.488	0.120314
8.49	0.070258
8.492	0.00464843
8.494	0.028667
8.496	-0.107125
8.498	-0.0610733
8.5	-0.0121869
8.502	0.145221
8.504	0.0830541
8.506	0.120039
8.508	0.187644
8.51	0.158517
8.512	0.0957963
8.514	0.0283727
8.516	-0.141668
8.518	-0.0427005
8.52	-0.0408444
8.522	0.0177778
8.524	0.0362738
8.526	0.182086
8.528	0.1393
8.53	0.161976
8.532	0.0291892
8.534	-0.019161
8.536	-0.00964484
8.538	-0.0642361
8.54	-0.0391037
8.542	0.142094
8.544	0.122053
8.546	0.168716
8.548	0.12744
8.55	0.0765047
8.552	0.10017
8.554	-0.0162969
8.556	-0.0489197
8.558	-0.0589474
8.56	-0.088233
8.562	0.0533336
8.564	0.170129
8.566	0.113909
8.568	0.200985
8.57	0.125644
8.572	-0.0183976
8.574	-0.0702019
8.576	-0.031949
8.578	-0.0191536
8.58	1.89687e-4
8.582	0.0736914
8.584	0.16975
8.586	0.14071
8.588	0.136634
8.59	0.0673375
8.592	0.0799716
8.594	0.0749524
8.596	0.00589163
8.598	-0.0251024
8.6	0.0480779
8.602	0.0977456
8.604	0.123934
8.606	0.124352
8.608	0.1475
8.61	0.0479921
8.612	0.128982
8.614	-0.0525669
8.616	-0.0365589
8.618	-0.00263121
8.62	0.0565699
8.622	0.0881198
8.624	0.200814
8.626	0.236753
8.628	0.168474
8.63	0.14726
8.632	0.044569
8.634	-0.0216949
8.636	0.0261788
8.638	-0.0196366
8.64	0.0138167
8.642	0.0848031
8.644	0.0820199
8.646	0.195124
8.648	0.210103
8.65	0.128557
8.652	0.0275823
8.654	0.0551043
8.656	-0.0902849
8.658	0.0277187
8.66	0.0394175
8.662	0.0144087
8.664	0.172709
8.666	0.152586
8.668	0.13754
8.67	0.0913512
8.672	0.0114739
8.674	0.00930684
8.676	0.039436
8.678	-0.0344557
8.68	0.019667
8.682	0.147798
8.684	0.152185
8.686	0.1288
8.688	0.195433
8.69	0.116524
8.692	-0.00480365
8.694	0.0385998
8.696	0.00223239
8.698	-0.0265448
8.7	-0.0276991
8.702	0.126652
8.704	0.0458023
8.706	0.165124
8.708	0.11197
8.71	0.115105
8.712	0.00709437
8.714	-0.0196507
8.716	-0.0635724
8.718	-0.0583857
8.72	-0.017409
8.722	0.0908936
8.724	0.100715
8.726	0.159323
8.728	0.160674
8.73	0.188031
8.732	-0.056414
8.734	0.00390323
8.736	-0.102144
8.738	-0.0490589
8.74	-0.0669853
8.742	0.125536
8.744	0.124333
8.746	0.117813
8.748	0.0846897
8.75	0.131954
8.752	-0.0606022
8.754	0.0065552
8.756	-0.0210037
8.758	-0.00261008
8.76	-0.0296391
8.762	0.0850079
8.764	0.0855783
8.766	0.123917
8.768	0.121208
8.77	0.121787
8.772	0.0162277
8.774	-0.0931964
8.776	0.00408068
8.778	0.0295016
8.78	0.0780159
8.782	0.0935877
8.784	0.11365
8.786	0.0370176
8.788	0.155627
8.79	0.142234
8.792	0.0101015
8.794	0.00489506
8.796	-0.0186649
8.798	0.0597372
8.8	0.0172535
8.802	0.0698415
8.804	0.0741128
8.806	0.134633
8.808	0.121342
8.81	0.0591438
8.812	0.0389478
8.814	0.033218
8.816	-0.00382935
8.818	-0.0418466
8.82	0.0115459
8.822	0.142975
8.824	0.0997381
8.826	0.0819639
8.828	0.220988
8.83	0.13265
8.832	0.0357143
8.834	0.0137932
8.836	0.0420694
8.838	0.0526587
8.84	-0.00381908
8.842	0.160252
8.844	0.188286
8.846	0.189865
8.848	0.134027
8.85	0.142603
8.852	-0.0244327
8.854	0.0970038
8.856	0.0630462
8.858	0.0499122
8.86	0.0169041
8.862	0.182825
8.864	0.221119
8.866	0.0804627
8.868	0.087271
8.87	0.160529
8.872	0.0626443
8.874	0.0584895
8.876	-0.0405235
8.878	0.0252357
8.88	0.0941287
8.882	0.171123
8.884	0.143426
8.886	0.0793056
8.888	0.178595
8.89	0.136031
8.892	0.0609632
8.894	0.0693414
8.896	0.00785546
8.898	0.0196601
8.9	-0.029006
8.902	0.0955807
8.904	-0.027709
8.906	0.193382
8.908	0.0694252
8.91	0.105585
8.912	0.0961061
8.914	0.0362608
8.916	0.0140874
8.918	0.101945
8.92	0.0562151
8.922	0.182042
8.924	0.114495
8.926	0.113587
8.928	0.0961264
8.93	0.152706
8.932	0.0657018
8.934	0.0114908
8.936	-0.0339861
8.938	0.00880799
8.94	-0.0827971
8.942	0.112289
8.944	0.0782691
8.946	0.0932128
8.948	0.092901
8.95	0.150823
8.952	-0.00520875
8.954	0.0404137
8.956	3.79242e-4
8.958	0.0547189
8.96	-0.0657228
8.962	0.0837114
8.964	0.0870753
8.966	0.170816
8.968	0.0519974
8.97	0.0793407
8.972	-0.00300173
8.974	0.0888983
8.976	0.0291314
8.978	0.0547141
8.98	-0.0471479
8.982	0.128931
8.984	0.0990185
8.986	0.107139
8.988	0.0676754
8.99	0.150281
8.992	0.0408236
8.994	0.0124524
8.996	7.15867e-4
8.998	0.0605715
9	-0.0307078
9.002	0.135269
9.004	0.097584
9.006	0.13136
9.008	0.14107
9.01	0.0881483
9.012	0.0600556
9.014	-0.00883134
9.016	0.0141975
9.018	0.0558403
9.02	-0.0486231
9.022	0.0666592
9.024	0.177374
9.026	0.138893
9.028	0.129414
9.03	0.184406
9.032	0.0185815
9.034	0.0845976
9.036	0.0283808
9.038	0.0600674
9.04	0.0253882
9.042	0.180497
9.044	0.0879452
9.046	0.0805165
9.048	0.130975
9.05	0.186064
9.052	-0.00268973
9.054	0.0553971
9.056	0.00918803
9.058	-0.0228814
9.06	0.00435608
9.062	0.120921
9.064	0.0638048
9.066	0.0914567
9.068	0.0897323
9.07	0.153431
9.072	0.024577
9.074	0.115957
9.076	-0.00304979
9.078	-0.0124849
9.08	0.0859343
9.082	0.117397
9.084	0.101081
9.086	0.0828918
9.088	0.0500037
9.09	0.19051
9.092	0.0511137
9.094	0.089373
9.096	0.00727312
9.098	0.0221775
9.1	-0.0481476
9.102	0.129742
9.104	0.0729812
9.106	0.104981
9.108	0.109458
9.11	0.117623
9.112	0.0195308
9.114	0.0878361
9.116	0.00110058
9.118	0.0227927
9.12	-0.0321535
9.122	0.107364
9.124	0.0793059
9.126	0.148548
9.128	0.0173702
9.13	0.222132
9.132	-0.0082657
9.134	0.109668
9.136	-0.01898
9.138	-0.0107871
9.14	-0.036294
9.142	0.12438
9.144	0.00388479
9.146	0.134747
9.148	0.142094
9.15	0.128967
9.152	0.0683845
9.154	0.108353
9.156	0.0599138
9.158	0.0448713
9.16	-0.0573
9.162	0.0394301
9.164	0.0146909
9.166	0.101406
9.168	0.0941149
9.17	0.113279
9.172	0.0353884
9.174	0.131178
9.176	2.74216e-4
9.178	0.0792949
9.18	0.0175267
9.182	0.112179
9.184	0.0666381
9.186	-0.0360601
9.188	0.217196
9.19	0.156464
9.192	0.102367
9.194	0.139106
9.196	0.0971125
9.198	0.0674982
9.2	-0.0416849
9.202	0.103559
9.204	0.0377144
9.206	0.176937
9.208	0.116258
9.21	0.221529
9.212	0.0786977
9.214	0.113626
9.216	0.00993938
9.218	0.00725783
9.22	-0.019829
9.222	0.0549345
9.224	0.0825518
9.226	0.0877648
9.228	0.0971002
9.23	0.128903
9.232	0.0640794
9.234	0.174179
9.236	0.0523145
9.238	0.052412
9.24	-0.0724431
9.242	0.167123
9.244	0.00811475
9.246	0.108398
9.248	0.129911
9.25	0.1442
9.252	-0.0211842
9.254	0.149222
9.256	-0.0343251
9.258	0.0749126
9.26	0.0480222
9.262	0.113739
9.264	0.0384134
9.266	0.125129
9.268	0.108523
9.27	0.158133
9.272	0.014968
9.274	0.241067
9.276	0.0263532
9.278	0.0285223
9.28	-0.0506635
9.282	0.109274
9.284	-0.0807192
9.286	0.0981899
9.288	0.0726316
9.29	0.16452
9.292	0.061302
9.294	0.107631
9.296	-0.0339101
9.298	0.0722481
9.3	0.0233896
9.302	0.154826
9.304	-0.00621864
9.306	0.155102
9.308	0.0672277
9.31	0.14696
9.312	-0.0150692
9.314	0.204647
9.316	0.0234884
9.318	0.0538011
9.32	0.02593
9.322	0.105684
9.324	0.0193303
9.326	0.0886312
9.328	0.11908
9.33	0.206556
9.332	0.0067506
9.334	0.143134
9.336	0.0646849
9.338	0.0373314
9.34	-0.0161691
9.342	0.129684
9.344	0.0145949
9.346	0.130739
9.348	0.0627358
9.35	0.151387
9.352	0.128955
9.354	0.142925
9.356	0.0114823
9.358	0.0648498
9.36	-0.0398481
9.362	0.0806351
9.364	0.0382983
9.366	0.128946
9.368	0.0727289
9.37	0.194877
9.372	-0.0174547
9.374	0.0831846
9.376	-0.00749827
9.378	0.105434
9.38	-0.0235399
9.382	0.166476
9.384	-0.0190676
9.386	0.0320749
9.388	0.135484
9.39	0.219515
9.392	0.0841742
9.394	0.128622
9.396	0.0132695
9.398	0.0757074
9.4	-0.0520043
9.402	0.0547771
9.404	0.00502812
9.406	0.0548306
9.408	0.0949086
9.41	0.0277266
9.412	0.0914443
9.414	0.204022
9.416	0.0935103
9.418	0.122592
9.42	0.0542955
9.422	0.11131
9.424	-0.0336738
9.426	0.0442405
9.428	0.0584506
9.43	0.216694
9.432	0.0690268
9.434	0.149078
9.436	0.0857061
9.438	-0.0179418
9.44	-0.043649
9.442	0.0699074
9.444	-0.0671781
9.446	0.0368775
9.448	0.0324576
9.45	0.0948912
9.452	0.0326499
9.454	0.118093
9.456	0.0665567
9.458	0.0764867
9.46	0.00612564
9.462	0.0422168
9.464	0.0290852
9.466	0.0452624
9.468	0.0244553
9.47	0.0888775
9.472	0.0651314
9.474	0.0928578
9.476	0.0268486
9.478	0.133543
9.48	0.0270547
9.482	0.159185
9.484	0.0019845
9.486	0.075244
9.488	0.0696618
9.49	0.149496
9.492	-0.0482561
9.494	0.0902051
9.496	0.0620928
9.498	0.134318
9.5	2.299e-4
9.502	0.0961254
9.504	0.0026623
9.506	0.157654
9.508	0.00388149
9.51	0.229941
9.512	0.0556569
9.514	0.203207
9.516	0.0756923
9.518	0.0759482
9.52	-0.0457725
9.522	0.20098
9.524	-0.0774522
9.526	0.0998072
9.528	0.024319
9.53	0.12736
9.532	0.0551658
9.534	0.126143
9.536	0.0461018
9.538	0.096408
9.54	0.0189498
9.542	0.0821149
9.544	-0.066641
9.546	0.132735
9.548	-0.0379219
9.55	0.0783895
9.552	-0.0330374
9.554	0.16507
9.556	0.01925
9.558	0.124112
9.56	-0.0281449
9.562	0.119732
9.564	-0.061076
9.566	0.119423
9.568	0.0225129
9.57	0.125586
9.572	0.00289442
9.574	0.148636
9.576	0.00100377
9.578	0.150831
9.58	0.0165764
9.582	0.0883497
9.584	-0.0662688
9.586	-5.36038e-4
9.588	0.163764
9.59	0.137372
9.592	-1.67032e-4
9.594	0.222487
9.596	0.0591523
9.598	0.106864
9.6	-0.0204734
9.602	0.0712716
9.604	-0.0442879
9.606	0.1637
9.608	0.056249
9.61	0.112453
9.612	0.0979497
9.614	0.174936
9.616	0.0117987
9.618	0.0623409
9.62	0.014801
9.622	0.127504
9.624	-0.00738152
9.626	3.76915e-4
9.628	0.0952548
9.63	0.158118
9.632	0.0394126
9.634	0.112972
9.636	0.0733066
9.638	0.117792
9.64	-0.0227222
9.642	0.0300358
9.644	0.0198696
9.646	0.0675088
9.648	0.0231811
9.65	0.146402
9.652	0.0592004
9.654	0.174509
9.656	-0.0286969
9.658	0.0966693
9.66	0.0219466
9.662	0.0792679
9.664	-0.0211779
9.666	0.0564992
9.668	0.003754
9.67	0.128084
9.672	0.0913001
9.674	0.145052
9.676	0.0142033
9.678	0.0803076
9.68	-0.0696001
9.682	0.0620562
9.684	0.0205271
9.686	-0.00265105
9.688	0.0874848
9.69	0.148518
9.692	0.036778
9.694	0.146651
9.696	0.120382
9.698	0.12318
9.7	0.0455524
9.702	0.0559071
9.704	-0.0460889
9.706	0.0641288
9.708	0.0445409
9.71	0.11218
9.712	0.048306
9.714	0.151539
9.716	0.0439235
9.718	0.0232821
9.72	0.0126828
9.722	0.0882057
9.724	-0.0182213
9.726	0.0742918
9.728	-0.0445168
9.73	0.163128
9.732	0.0427063
9.734	0.116766
9.736	0.00826632
9.738	0.0100847
9.74	-0.0614665
9.742	0.158431
9.744	-0.062541
9.746	0.0911852
9.748	0.0357843
9.75	0.149673
9.752	0.0233876
9.754	0.139736
9.756	-0.00199561
9.758	0.113542
9.76	-0.0985539
9.762	-0.0177554
9.764	-0.0257777
9.766	0.0660375
9.768	0.0520452
9.77	0.0962639
9.772	0.0371939
9.774	0.06332
9.776	4.54848e-4
9.778	0.0665911
9.78	-0.0663951
9.782	0.0169917
9.784	-0.070264
9.786	0.0370663
9.788	0.0168197
9.79	0.180365
9.792	0.00497133
9.794	0.0915999
9.796	0.0538133
9.798	0.0743726
9.8	-0.0623908
9.802	0.0642736
9.804	-0.126095
9.806	0.068297
9.808	0.0476095
9.81	0.0327061
9.812	0.0973891
9.814	0.132117
9.816	-0.0138625
9.818	0.0305953
9.82	-0.0725798
9.822	-0.138054
9.824	-0.0274115
9.826	0.0147897
9.828	0.00824697
9.83	0.0589072
9.832	0.0653006
9.834	0.138589
9.836	0.0406889
9.838	0.0340489
9.84	-0.00399136
9.842	0.0467948
9.844	0.00675306
9.846	-0.0526269
9.848	0.0426505
9.85	0.0704025
9.852	0.0422931
9.854	0.167683
9.856	0.0683597
9.858	0.142644
9.86	0.062642
9.862	-0.0196305
9.864	0.0112004
9.866	0.00668356
9.868	0.0726541
9.87	0.12553
9.872	0.0381744
9.874	0.101353
9.876	0.110693
9.878	0.0777638
9.88	0.049106
9.882	0.0804264
9.884	-0.0565605
9.886	0.0772753
9.888	0.0825886
9.89	0.110902
9.892	0.0708797
9.894	0.156925
9.896	0.0435223
9.898	0.029214
9.9	-0.0674876
9.902	0.0775458
9.904	-0.103805
9.906	0.0477163
9.908	0.0322962
9.91	0.0688031
9.912	0.0233503
9.914	0.201355
9.916	0.0728497
9.918	0.142618
9.92	0.0339389
9.922	0.110816
9.924	-0.0870406
9.926	0.0848347
9.928	0.106912
9.93	0.139768
9.932	0.0686201
9.934	0.192334
9.936	-0.0316412
9.938	-0.0526871
9.94	-0.0188771
9.942	0.0884691
9.944	-0.0171596
9.946	0.103115
9.948	0.0672427
9.95	0.0882894
9.952	0.0116538
9.954	0.136983
9.956	0.0052101
9.958	0.145433
9.96	0.0547532
9.962	0.0526516
9.964	-0.0786349
9.966	0.0246913
9.968	0.00877832
9.97	0.147396
9.972	-0.0130909
9.974	0.144797
9.976	0.0794882
9.978	0.0794349
9.98	0.0149304
9.982	0.0956532
9.984	-0.080228
9.986	-0.0484443
9.988	0.135593
9.99	0.105186
9.992	-0.032364
9.994	0.223333
9.996	0.0455697
9.998	0.12307
10	0.0573764
10.002	0.0553969
10.004	-0.013571
10.006	0.0628637
10.008	0.0469346
10.01	0.051117
10.012	0.113016
10.014	0.156803
10.016	0.0387695
10.018	0.0362983
10.02	0.0217645
10.022	0.0925013
10.024	-0.040803
10.026	0.0778186
10.028	0.0492358
10.03	0.150818
10.032	0.0940514
10.034	0.130505
10.036	0.0698073
10.038	0.0888487
10.04	0.0127032
10.042	0.0252847
10.044	-0.0943355
10.046	0.0942511
10.048	-0.0317764
10.05	0.101978
10.052	0.0658706
10.054	0.12765
10.056	-0.0304972
10.058	0.0520515
10.06	0.0342572
10.062	0.035247
10.064	-0.0391583
10.066	0.0693817
10.068	0.0837342
10.07	0.114355
10.072	0.0771755
10.074	0.128302
10.076	0.0923207
10.078	0.0528196
10.08	0.0407244
10.082	0.0270978
10.084	-0.0714415
10.086	-0.00214527
10.088	0.0862773
10.09	0.0464041
10.092	0.0450156
10.094	0.220762
10.096	0.0297945
10.098	5.40504e-4
10.1	0.0272488
10.102	-0.0232542
10.104	-0.0233415
10.106	0.0139408
10.108	0.0357918
10.11	0.0418079
10.112	0.123007
10.114	0.101253
10.116	-0.00743534
10.118	0.0304017
10.12	0.0655739
10.122	0.098562
10.124	-0.157974
10.126	0.11338
10.128	0.0504975
10.13	0.106787
10.132	0.049227
10.134	0.142647
10.136	-0.0744055
10.138	-0.0107415
10.14	0.0311252
10.142	0.00380611
10.144	-0.0673462
10.146	-0.0180188
10.148	0.0389637
10.15	0.125758
10.152	0.0803913
10.154	0.128064
10.156	-0.00145202
10.158	0.0829441
10.16	0.0147315
10.162	4.94235e-4
10.164	-0.158775
10.166	0.0106877
10.168	0.0412631
10.17	0.0350137
10.172	0.0129547
10.174	0.092988
10.176	0.0328024
10.178	0.0566692
10.18	0.0678175
10.182	0.0947755
10.184	-0.0267005
10.186	0.00709738
10.188	0.093014
10.19	0.110858
10.192	0.0587598
10.194	0.155917
10.196	-0.0278802
10.198	0.0636671
10.2	0.0171703
10.202	0.00817496
10.204	-0.0201895
10.206	0.0452739
10.208	0.0636631
10.21	-0.0528771
10.212	0.160248
10.214	0.131987
10.216	-0.0791846
10.218	0.0480745
10.22	0.0716008
10.222	-0.0162999
10.224	-0.0311448
10.226	0.0389048
10.228	0.0599781
10.23	0.172441
10.232	0.0772969
10.234	0.211508
10.236	0.0441848
10.238	0.0117238
10.24	0.0545828
10.242	-0.0196212
10.244	-0.0285429
10.246	0.0610909
10.248	0.0750626
10.25	0.0342457
10.252	0.0692865
10.254	0.076522
10.256	0.0765787
10.258	-0.0140735
10.26	0.0504567
10.262	-0.0227335
10.264	-0.00849416
10.266	0.0765176
10.268	0.0755834
10.27	0.119447
10.272	0.113798
10.274	0.237009
10.276	0.018387
10.278	0.0339295
10.28	-0.0455665
10.282	0.0739412
10.284	-0.0413024
10.286	0.0102942
10.288	0.152672
10.29	0.0666346
10.292	0.0731091
10.294	0.178194
10.296	0.0730818
10.298	0.0234065
10.3	0.0845009
10.302	0.0550372
10.304	-0.0143233
10.306	0.0340896
10.308	0.109641
10.31	0.0699897
10.312	0.131563
10.314	0.172464
10.316	0.0753005
10.318	0.0192872
10.32	0.037296
10.322	-0.0569472
10.324	0.0148313
10.326	0.0484594
10.328	0.0417583
10.33	0.0688239
10.332	0.118544
10.334	0.13468
10.336	-0.0329882
10.338	-0.0391717
10.34	0.0748582
10.342	0.027949
10.344	-0.0575363
10.346	0.0930052
10.348	0.0906902
10.35	0.0532416
10.352	0.109211
10.354	0.194414
10.356	0.028743
10.358	0.0947494
10.36	0.0269247
10.362	-0.0618801
10.364	-0.0667023
10.366	0.0642436
10.368	0.0933645
10.37	0.0618886
10.372	0.0842231
10.374	0.18534
10.376	-0.00425108
10.378	0.0544617
10.38	0.00942488
10.382	-0.04923
10.384	0.00489033
10.386	0.0437039
10.388	0.130786
10.39	0.0235766
10.392	0.12566
10.394	0.144221
10.396	1.01847e-4
10.398	-0.00693808
10.4	0.0349128
10.402	-0.0457059
10.404	-0.0430817
10.406	0.0920446
10.408	0.0371933
10.41	0.086927
10.412	0.13554
10.414	0.107109
10.416	0.0548884
10.418	0.0690421
10.42	0.0427255
10.422	0.0263677
10.424	0.0615629
10.426	0.0740424
10.428	0.0750546
10.43	0.130696
10.432	0.144334
10.434	0.125234
10.436	0.0307493
10.438	0.0234871
10.44	9.52415e-4
10.442	-0.0442423
10.444	-0.00591403
10.446	0.0169412
10.448	0.0307233
10.45	-0.0260587
10.452	0.102295
10.454	0.114322
10.456	0.0514622
10.458	0.0774294
10.46	0.0759595
10.462	-0.0757954
10.464	0.00262977
10.466	0.0984769
10.468	-0.00456867
10.47	0.0351266
10.472	0.126743
10.474	0.0827115
10.476	0.0488732
10.478	-0.0589352
10.48	0.129672
10.482	-0.0463666
10.484	-0.0118486
10.486	-0.0300452
10.488	0.0806934
10.49	0.0268168
10.492	0.125553
10.494	0.070744
10.496	0.0391192
10.498	0.0286849
10.5	-0.0174905
10.502	0.006746
10.504	-0.0550339
10.506	0.0760611
10.508	0.0380197
10.51	-0.0324413
10.512	0.0879322
10.514	0.098746
10.516	-0.0132367
10.518	0.0226844
10.52	-0.055896
10.522	0.00204739
10.524	-0.0371377
10.526	0.0266237
10.528	0.0479379
10.53	0.0123116
10.532	0.104051
10.534	0.0825021
10.536	0.027372
10.538	-0.0362486
10.54	-0.0333265
10.542	-0.046763
10.544	-0.0249769
10.546	0.0196603
10.548	0.138973
10.55	0.0977699
10.552	0.124638
10.554	0.13278
10.556	0.0563575
10.558	0.0315883
10.56	0.0306273
10.562	-0.0719893
10.564	0.00827175
10.566	0.0815621
10.568	0.124725
10.57	0.0481516
10.572	0.0188834
10.574	0.124664
10.576	0.0260351
10.578	0.0352804
10.58	0.0563147
10.582	-0.0761424
10.584	-0.0103269
10.586	-8.51009e-4
10.588	0.0934026
10.59	0.00301894
10.592	0.152074
10.594	0.0779552
10.596	0.0297268
10.598	0.0824887
10.6	0.0287386
10.602	0.0237302
10.604	0.0556852
10.606	-0.00604246
10.608	0.0129029
10.61	-0.00373438
10.612	0.198831
10.614	0.158064
10.616	0.0342429
10.618	0.0536666
10.62	0.0786339
10.622	-0.0477888
10.624	-0.00597638
10.626	0.111377
10.628	0.147773
10.63	0.0531936
10.632	0.126111
10.634	0.0474772
10.636	0.121331
10.638	0.0235196
10.64	0.0990493
10.642	-0.00790341
10.644	-0.0125461
10.646	0.0491041
10.648	0.0476823
10.65	0.0112481
10.652	0.143035
10.654	0.0696618
10.656	0.0917097
10.658	-0.00804058
10.66	0.0446558
10.662	-0.0671806
10.664	0.0769489
10.666	0.0846699
10.668	0.0580335
10.67	0.0429943
10.672	0.148524
10.674	0.0603548
10.676	0.0465288
10.678	-0.0172619
10.68	0.140952
10.682	0.0207594
10.684	0.0684906
10.686	0.0510602
10.688	-9.18359e-5
10.69	-0.0344103
10.692	0.14897
10.694	0.0830193
10.696	0.106931
10.698	-0.00938594
10.7	0.0739414
10.702	0.00147269
10.704	0.108979
10.706	0.0489877
10.708	0.0251442
10.71	-0.0184264
10.712	0.169646
10.714	0.0460249
10.716	0.0532783
10.718	-0.0270538
10.72	0.104231
10.722	0.0160061
10.724	0.0341651
10.726	-0.00552442
10.728	0.0994386
10.73	-0.0285885
10.732	0.173441
10.734	0.0785997
10.736	0.0128945
10.738	0.0300643
10.74	0.13848
10.742	0.0178385
10.744	0.0544347
10.746	0.0613826
10.748	0.0652274
10.75	-0.0296034
10.752	0.110206
10.754	0.0181395
10.756	-0.00862652
10.758	-0.0294972
10.76	0.0920132
10.762	-0.108016
10.764	0.0395814
10.766	0.0799146
10.768	0.0965711
10.77	0.0390982
10.772	0.156648
10.774	-0.0058221
10.776	0.0109337
10.778	-0.0208102
10.78	0.100489
10.782	-0.0163966
10.784	0.0731931
10.786	-0.040837
10.788	0.188736
10.79	-0.00676775
10.792	0.147975
10.794	0.039835
10.796	0.0713652
10.798	0.0566429
10.8	0.057116
10.802	-0.0718685
10.804	0.0968299
10.806	0.00332557
10.808	0.0616468
10.81	0.037719
10.812	0.193058
10.814	0.0225129
10.816	-0.0393957
10.818	-0.00720471
10.82	0.0949208
10.822	-0.0479414
10.824	-0.0072459
10.826	0.0489894
10.828	0.13994
10.83	0.0608534
10.832	0.0812638
10.834	0.0760881
10.836	0.114612
10.838	0.0309187
10.84	0.0439093
10.842	-0.0827326
10.844	0.00522545
10.846	0.0490862
10.848	0.0186459
10.85	-0.0450828
10.852	0.174018
10.854	0.109995
10.856	0.140244
10.858	0.0121262
10.86	0.136675
10.862	-0.019345
10.864	0.0905416
10.866	0.0879994
10.868	0.116177
10.87	0.0455381
10.872	0.232596
10.874	-0.0354337
10.876	0.0565759
10.878	0.0536728
10.88	-0.0173522
10.882	-0.0269727
10.884	0.0592286
10.886	-0.0298961
10.888	0.0927465
10.89	-0.0437716
10.892	0.195323
10.894	0.0148652
10.896	0.10669
10.898	0.0790924
10.9	0.0920458
10.902	-0.0055737
10.904	0.0654022
10.906	0.00379522
10.908	0.134862
10.91	0.040227
10.912	0.0693984
10.914	0.0671771
10.916	0.0639029
10.918	0.0309722
10.92	0.117966
10.922	-0.0392789
10.924	0.107118
10.926	0.0206002
10.928	0.095879
10.93	0.0544381
10.932	0.168748
10.934	-0.0755276
10.936	0.0725101
10.938	0.0365208
10.94	0.0789293
10.942	-0.0319729
10.944	0.0605919
10.946	0.137173
10.948	0.108398
10.95	-0.0308746
10.952	0.178461
10.954	-0.034424
10.956	0.123725
10.958	-0.0511663
10.96	0.0399949
10.962	-0.146889
10.964	0.133387
10.966	-0.01533
10.968	0.0788848
10.97	-0.0333104
10.972	0.18275
10.974	0.0249234
10.976	-0.0439895
10.978	0.0824133
10.98	0.146757
10.982	-0.0083706
10.984	0.082198
10.986	0.0160954
10.988	0.0385832
10.99	0.00353692
10.992	0.15509
10.994	-0.0282079
10.996	0.0486091
10.998	0.0769576
11	0.128297
11.002	0.0508273
11.004	0.0454949
11.006	0.0913048
11.008	0.0694035
11.01	-0.0799257
11.012	0.191828
11.014	0.0175996
11.016	0.0830279
11.018	0.0517092
11.02	0.155599
11.022	-0.0125328
11.024	0.129485
11.026	-0.00697247
11.028	0.0771849
11.03	-0.0324174
11.032	0.130563
11.034	0.0544951
11.036	0.0859489
11.038	0.0239545
11.04	0.0655167
11.042	-0.0257424
11.044	0.0931648
11.046	0.0963354
11.048	0.0729432
11.05	-0.0328062
11.052	0.132786
11.054	0.036301
11.056	0.0755732
11.058	0.0666561
11.06	0.124929
11.062	-0.144992
11.064	0.095224
11.066	0.070383
11.068	-0.0615228
11.07	-0.0383087
11.072	0.155784
11.074	0.0164626
11.076	0.057173
11.078	-0.00715972
11.08	0.134023
11.082	0.0329422
11.084	0.137926
11.086	0.0645968
11.088	0.105828
11.09	-0.00351482
11.092	0.139171
11.094	0.011734
11.096	0.152848
11.098	0.0216512
11.1	0.0738034
11.102	-0.117182
11.104	0.0856782
11.106	-0.113915
11.108	0.0521894
11.11	-0.111065
11.112	0.0739335
11.114	-0.0103652
11.116	0.00337883
11.118	0.0205339
11.12	0.208568
11.122	-0.0411357
11.124	0.104574
11.126	0.00489106
11.128	0.108391
11.13	0.019654
11.132	0.126698
11.134	0.0116049
11.136	-0.0069123
11.138	-0.0519809
11.14	0.162723
11.142	-0.0657877
11.144	0.10054
11.146	0.0794181
11.148	0.115553
11.15	0.0344133
11.152	0.182788
11.154	0.0152401
11.156	0.0588719
11.158	0.0652113
11.16	0.152564
11.162	0.0443418
11.164	0.15165
11.166	0.00907054
11.168	0.0749649
11.17	0.0610285
11.172	0.0860566
11.174	-0.031697
11.176	0.17104
11.178	0.333469
11.18	-2.04961
11.182	-1.54128
11.184	-1.08913
11.186	-1.05301
11.188	-0.748794
11.19	-0.84232
11.192	-0.51711
11.194	-0.666103
11.196	-0.509371
11.198	-0.523718
11.2	-0.354038
11.202	-0.4989
11.204	-0.322889
11.206	-0.426642
11.208	-0.310257
11.21	-0.40068
11.212	-0.26511
11.214	-0.449229
11.216	-0.369463
11.218	-0.348241
11.22	-0.276478
11.222	-0.459696
11.224	-0.262218
11.226	-0.379451
11.228	-0.307708
11.23	-0.359592
11.232	-0.224784
11.234	-0.396797
11.236	-0.0993704
11.238	-0.197063
11.24	-0.207244
11.242	-0.370443
11.244	-0.243935
11.246	-0.310727
11.248	-0.231777
11.25	-0.436882
11.252	-0.191636
11.254	-0.338686
11.256	-0.338126
11.258	-0.290709
11.26	-0.163929
11.262	-0.391056
11.264	-0.199537
11.266	-0.286821
11.268	-0.275096
11.27	-0.391475
11.272	-0.181181
11.274	-0.28504
11.276	-0.195491
11.278	-0.378421
11.28	-0.242917
11.282	-0.26336
11.284	-0.189223
11.286	-0.38495
11.288	-0.259231
11.29	-0.346215
11.292	-0.0808987
11.294	-0.352465
11.296	-0.163369
11.298	-0.27043
11.3	-0.188295
11.302	-0.369785
11.304	-0.301854
11.306	-0.338591
11.308	-0.279528
11.31	-0.302018
11.312	-0.11614
11.314	-0.367742
11.316	-0.237103
11.318	-0.335086
11.32	-0.237134
11.322	-0.393573
11.324	-0.240041
11.326	-0.355624
11.328	-0.262782
11.33	-0.394992
11.332	-0.123972
11.334	-0.355899
11.336	-0.202874
11.338	-0.322543
11.34	-0.229356
11.342	-0.42818
11.344	-0.175591
11.346	-0.460869
11.348	-0.170882
11.35	-0.358599
11.352	-0.219686
11.354	-0.301584
11.356	-0.284311
11.358	-0.345791
11.36	-0.257103
11.362	-0.469751
11.364	-0.219945
11.366	-0.305366
11.368	-0.255937
11.37	-0.367001
11.372	-0.253126
11.374	-0.393304
11.376	-0.23651
11.378	-0.367225
11.38	-0.240028
11.382	-0.344582
11.384	-0.355774
11.386	-0.408621
11.388	-0.271286
11.39	-0.348831
11.392	-0.25819
11.394	-0.365168
11.396	-0.220535
11.398	-0.326433
