0	-1.99553
0.002	-1.95743
0.004	-1.94442
0.006	-1.88884
0.008	-1.88699
0.01	-1.79766
0.012	-1.99835
0.014	-1.98742
0.016	-1.93666
0.018	-2.01216
0.02	-1.99759
0.022	-2.00133
0.024	-1.98012
0.026	-1.98938
0.028	-1.92769
0.03	-1.81261
0.032	-1.91538
0.034	-1.85469
0.036	-1.94626
0.038	-1.98194
0.04	-1.96703
0.042	-1.84478
0.044	-1.91828
0.046	-1.90475
0.048	-1.83582
0.05	-1.89823
0.052	-1.82279
0.054	-1.8781
0.056	-1.96287
0.058	-1.94782
0.06	-1.94389
0.062	-1.96851
0.064	-1.91069
0.066	-1.83909
0.068	-1.9482
0.07	-1.78198
0.072	-1.82523
0.074	-1.89341
0.076	-2.00464
0.078	-2.01828
0.08	-2.15493
0.082	-1.8445
0.084	-1.91667
0.086	-1.85294
0.088	-1.84626
0.09	-1.87751
0.092	-1.86387
0.094	-1.84046
0.096	-2.02936
0.098	-2.1018
0.1	-1.9516
0.102	-1.95151
0.104	-1.97712
0.106	-1.84141
0.108	-1.79795
0.11	-1.85371
0.112	-1.96563
0.114	-1.91352
0.116	-2.00163
0.118	-2.06079
0.12	-1.99217
0.122	-1.86444
0.124	-1.965
0.126	-1.97263
0.128	-1.89841
0.13	-1.93301
0.132	-1.99039
0.134	-1.98089
0.136	-2.05033
0.138	-2.1596
0.14	-2.10286
0.142	-1.96348
0.144	-2.08015
0.146	-1.9992
0.148	-1.82148
0.15	-1.93188
0.152	-1.98142
0.154	-1.94208
0.156	-2.0064
0.158	-2.0378
0.16	-2.04512
0.162	-1.98916
0.164	-1.99286
0.166	-1.94685
0.168	-1.93928
0.17	-1.95058
0.172	-1.97886
0.174	-1.99145
0.176	-1.96633
0.178	-34.0261
0.18	21.9434
0.182	21.1045
0.184	21.0497
0.186	21.2101
0.188	21.5256
0.19	21.348
0.192	21.5087
0.194	21.613
0.196	21.6822
0.198	21.7665
0.2	21.9661
0.202	22.0924
0.204	22.2823
0.206	22.5541
0.208	22.8093
0.21	22.9876
0.212	23.0463
0.214	23.1455
0.216	23.2169
0.218	23.2464
0.22	23.6615
0.222	23.8856
0.224	23.9175
0.226	24.0975
0.228	24.3548
0.23	24.6341
0.232	24.4861
0.234	24.7026
0.236	24.9828
0.238	24.9824
0.24	25.1357
0.242	25.4397
0.244	25.5083
0.246	25.7368
0.248	26.0021
0.25	26.0952
0.252	26.0789
0.254	26.3487
0.256	26.557
0.258	26.5753
0.26	26.8369
0.262	27.1585
0.264	27.2726
0.266	27.6277
0.268	27.8834
0.27	27.8937
0.272	28.1846
0.274	28.2875
0.276	28.4381
0.278	28.6449
0.28	28.8614
0.282	29.2221
0.284	29.3106
0.286	29.6632
0.288	29.9541
0.29	30.103
0.292	30.2319
0.294	30.5361
0.296	30.5554
0.298	30.7178
0.3	31.0103
0.302	31.3924
0.304	31.5669
0.306	31.7795
0.308	32.1218
0.31	32.3393
0.312	32.5295
0.314	32.935
0.316	32.8925
0.318	33.2266
0.32	33.4163
0.322	33.9604
0.324	34.2784
0.326	34.3357
0.328	34.7761
0.33	35.0114
0.332	34.983
0.334	35.4465
0.336	35.6373
0.338	35.929
0.34	36.2623
0.342	36.5241
0.344	36.7137
0.346	37.0451
0.348	37.6643
0.35	37.9267
0.352	37.9598
0.354	38.3272
0.356	38.6817
0.358	38.7714
0.36	39.1855
0.362	39.6789
0.364	40.0428
0.366	40.4137
0.368	40.745
0.37	41.0494
0.372	41.4159
0.374	41.5573
0.376	41.8859
0.378	42.1777
0.38	42.6147
0.382	43.0157
0.384	43.1114
0.386	43.5292
0.388	44.1099
0.39	44.5991
0.392	44.8685
0.394	45.026
0.396	45.415
0.398	45.6989
0.4	45.9396
0.402	46.3842
0.404	46.7737
0.406	47.1795
0.408	47.5962
0.41	47.6925
0.412	48.2078
0.414	48.4079
0.416	48.8317
0.418	49.1155
0.42	49.634
0.422	49.7583
0.424	50.2725
0.426	50.6539
0.428	51.148
0.43	51.3158
0.432	51.8985
0.434	52.2027
0.436	52.6504
0.438	52.9714
0.44	53.1324
0.442	53.7428
0.444	54.2224
0.446	54.708
0.448	55.1324
0.45	55.5689
0.452	55.9239
0.454	56.2453
0.456	56.343
0.458	57.021
0.46	57.4665
0.462	57.759
0.464	58.2356
0.466	58.6345
0.468	59.1856
0.47	59.7586
0.472	59.8752
0.474	60.1928
0.476	60.5929
0.478	60.7443
0.48	61.417
0.482	62.1608
0.484	62.4826
0.486	62.8805
0.488	63.3623
0.49	63.8728
0.492	64.075
0.494	64.3889
0.496	64.9791
0.498	65.2825
0.5	65.6179
0.502	66.1382
0.504	66.6509
0.506	67.1119
0.508	67.7009
0.51	68.0865
0.512	68.2597
0.514	68.7765
0.516	69.2691
0.518	69.6402
0.52	70.0475
0.522	70.9483
0.524	70.97
0.526	71.5699
0.528	72.0253
0.53	72.2103
0.532	72.638
0.534	73.2184
0.536	73.8266
0.538	74.0058
0.54	74.3278
0.542	74.894
0.544	75.586
0.546	75.9652
0.548	76.2977
0.55	76.6853
0.552	76.987
0.554	77.538
0.556	78.0105
0.558	78.2223
0.56	78.7096
0.562	79.2127
0.564	79.745
0.566	80.3238
0.568	80.7576
0.57	80.9477
0.572	81.6494
0.574	81.8468
0.576	82.4801
0.578	82.6924
0.58	83.4888
0.582	83.7436
0.584	84.1323
0.586	84.6598
0.588	85.4815
0.59	85.6528
0.592	86.0309
0.594	86.2625
0.596	86.9205
0.598	87.3998
0.6	88.0087
0.602	88.2974
0.604	88.9176
0.606	89.4309
0.608	90.013
0.61	90.2297
0.612	90.6741
0.614	91.1663
0.616	91.7775
0.618	92.0117
0.62	92.2831
0.622	92.9347
0.624	93.2819
0.626	93.9147
0.628	94.4757
0.63	94.8172
0.632	95.177
0.634	95.7314
0.636	96.2615
0.638	96.8886
0.64	97.178
0.642	97.4709
0.644	98.2995
0.646	98.6632
0.648	98.9533
0.65	99.4263
0.652	99.9089
0.654	100.4
0.656	101.023
0.658	101.199
0.66	101.711
0.662	102.111
0.664	102.567
0.666	103.02
0.668	103.524
0.67	104.068
0.672	104.277
0.674	104.679
0.676	105.261
0.678	105.837
0.68	106.271
0.682	106.623
0.684	107.178
0.686	107.454
0.688	108.283
0.69	108.54
0.692	108.915
0.694	109.228
0.696	109.73
0.698	110.068
0.7	110.512
0.702	111.093
0.704	111.682
0.706	112.021
0.708	112.5
0.71	113.247
0.712	113.824
0.714	114.131
0.716	114.412
0.718	114.59
0.72	115.387
0.722	115.936
0.724	116.41
0.726	116.905
0.728	117.317
0.73	117.8
0.732	118.193
0.734	118.673
0.736	119.003
0.738	119.319
0.74	119.943
0.742	120.538
0.744	120.896
0.746	121.203
0.748	122.028
0.75	122.611
0.752	122.71
0.754	123.366
0.756	123.804
0.758	124.389
0.76	124.632
0.762	125.176
0.764	125.678
0.766	126.157
0.768	126.527
0.77	127.3
0.772	127.579
0.774	127.843
0.776	128.466
0.778	128.49
0.78	128.936
0.782	129.963
0.784	130.633
0.786	130.775
0.788	131.267
0.79	131.619
0.792	131.886
0.794	132.465
0.796	132.914
0.798	133.159
0.8	133.379
0.802	134.194
0.804	134.583
0.806	135.18
0.808	135.702
0.81	136.253
0.812	136.269
0.814	136.795
0.816	137.189
0.818	137.72
0.82	138.39
0.822	138.622
0.824	138.937
0.826	139.478
0.828	139.835
0.83	140.55
0.832	140.801
0.834	141.098
0.836	141.783
0.838	141.973
0.84	142.377
0.842	143.039
0.844	143.445
0.846	143.941
0.848	144.526
0.85	144.635
0.852	145.178
0.854	145.537
0.856	145.751
0.858	146.164
0.86	147.025
0.862	147.431
0.864	148.126
0.866	148.61
0.868	149.047
0.87	149.244
0.872	149.227
0.874	150.029
0.876	150.624
0.878	150.795
0.88	151.243
0.882	151.732
0.884	152.098
0.886	152.597
0.888	153.096
0.89	153.735
0.892	154.021
0.894	154.347
0.896	154.819
0.898	155.273
0.9	155.478
0.902	155.995
0.904	156.372
0.906	156.974
0.908	157.281
0.91	157.782
0.912	158.398
0.914	158.862
0.916	159.345
0.918	159.407
0.92	159.856
0.922	160.308
0.924	161.067
0.926	161.356
0.928	161.559
0.93	162.157
0.932	162.752
0.934	162.796
0.936	163.043
0.938	163.884
0.94	164.374
0.942	164.662
0.944	164.945
0.946	165.5
0.948	165.794
0.95	166.608
0.952	166.614
0.954	167.096
0.956	167.378
0.958	167.584
0.96	168.01
0.962	168.432
0.964	168.998
0.966	169.594
0.968	169.59
0.97	170.353
0.972	170.771
0.974	171.054
0.976	171.214
0.978	171.708
0.98	171.539
0.982	172.466
0.984	173.046
0.986	173.42
0.988	173.666
0.99	174.492
0.992	174.455
0.994	174.982
0.996	175.82
0.998	176.12
1	175.959
1.002	176.667
1.004	176.947
1.006	177.441
1.008	177.734
1.01	178.176
1.012	178.593
1.014	179.091
1.016	179.233
1.018	179.742
1.02	179.448
1.022	180.204
1.024	180.133
1.026	180.887
1.028	181.415
1.03	182.034
1.032	182.265
1.034	182.446
1.036	182.97
1.038	183.663
1.04	183.893
1.042	184.178
1.044	184.699
1.046	185.176
1.048	185.442
1.05	186.503
1.052	186.357
1.054	186.763
1.056	186.927
1.058	187.37
1.06	187.799
1.062	188.203
1.064	188.555
1.066	189.205
1.068	189.42
1.07	189.976
1.072	190.095
1.074	190.764
1.076	190.766
1.078	191.544
1.08	191.5
1.082	192.174
1.084	192.309
1.086	192.657
1.088	192.928
1.09	193.533
1.092	193.737
1.094	194.633
1.096	194.722
1.098	194.78
1.1	195.397
1.102	195.588
1.104	195.983
1.106	196.534
1.108	196.831
1.11	197.128
1.112	197.739
1.114	198.152
1.116	198.16
1.118	198.94
1.12	198.852
1.122	199.16
1.124	199.467
1.126	199.75
1.128	200.384
1.13	200.947
1.132	201.172
1.134	201.674
1.136	201.879
1.138	202.476
1.14	202.804
1.142	202.767
1.144	203.417
1.146	203.79
1.148	204.072
1.15	204.703
1.152	204.735
1.154	205.424
1.156	205.845
1.158	206.268
1.16	206.318
1.162	206.831
1.164	207.667
1.166	207.732
1.168	207.985
1.17	208.741
1.172	208.682
1.174	208.628
1.176	209.274
1.178	210.247
1.18	209.655
1.182	210.28
1.184	210.331
1.186	210.962
1.188	211.396
1.19	211.77
1.192	212.117
1.194	212.487
1.196	212.449
1.198	212.965
1.2	213.22
1.202	213.764
1.204	213.644
1.206	214.359
1.208	214.595
1.21	215.219
1.212	215.329
1.214	215.644
1.216	215.755
1.218	216.725
1.22	216.41
1.222	216.562
1.224	217.343
1.226	217.085
1.228	218.231
1.23	218.137
1.232	218.418
1.234	219.405
1.236	219.276
1.238	219.632
1.24	219.814
1.242	220.701
1.244	220.401
1.246	220.779
1.248	221.397
1.25	221.747
1.252	222.099
1.254	222.477
1.256	222.625
1.258	222.73
1.26	222.582
1.262	223.433
1.264	223.811
1.266	224.084
1.268	224.599
1.27	224.969
1.272	224.899
1.274	225.471
1.276	225.724
1.278	225.984
1.28	226.161
1.282	226.65
1.284	226.973
1.286	227.18
1.288	227.45
1.29	228.004
1.292	228.273
1.294	228.496
1.296	228.564
1.298	229.269
1.3	229.27
1.302	229.498
1.304	229.727
1.306	230.568
1.308	230.358
1.31	230.992
1.312	231.554
1.314	231.787
1.316	231.589
1.318	232.375
1.32	231.901
1.322	232.188
1.324	232.699
1.326	233.305
1.328	233.786
1.33	234.017
1.332	234.162
1.334	234.399
1.336	234.696
1.338	235.087
1.34	235.255
1.342	235.391
1.344	235.856
1.346	236.322
1.348	236.518
1.35	236.654
1.352	236.744
1.354	237.249
1.356	237.686
1.358	237.912
1.36	237.994
1.362	238.582
1.364	238.326
1.366	238.945
1.368	239.101
1.37	239.743
1.372	240.175
1.374	240.244
1.376	240.853
1.378	241.204
1.38	241.15
1.382	241.691
1.384	241.959
1.386	242.029
1.388	242.397
1.39	242.811
1.392	243.052
1.394	243.227
1.396	243.657
1.398	243.732
1.4	243.58
1.402	244.245
1.404	244.175
1.406	244.854
1.408	244.334
1.41	244.716
1.412	245.436
1.414	245.555
1.416	245.979
1.418	246.013
1.42	246.476
1.422	246.904
1.424	246.86
1.426	247.162
1.428	247.745
1.43	248.546
1.432	248.454
1.434	248.823
1.436	249.165
1.438	249.135
1.44	249.268
1.442	249.34
1.444	249.607
1.446	250.267
1.448	250.503
1.45	250.606
1.452	250.788
1.454	251.666
1.456	251.417
1.458	251.087
1.46	251.581
1.462	252.088
1.464	252.191
1.466	252.768
1.468	253.006
1.47	253.169
1.472	253.546
1.474	253.675
1.476	253.894
1.478	254.036
1.48	254.196
1.482	254.58
1.484	255.076
1.486	255.55
1.488	255.934
1.49	255.866
1.492	256.046
1.494	256.666
1.496	256.643
1.498	256.75
1.5	256.94
1.502	256.997
1.504	257.677
1.506	258.032
1.508	258.086
1.51	258.315
1.512	258.519
1.514	258.655
1.516	258.989
1.518	259.233
1.52	259.097
1.522	259.58
1.524	259.986
1.526	260.43
1.528	260.31
1.53	261.107
1.532	261.284
1.534	261.666
1.536	261.119
1.538	261.467
1.54	261.446
1.542	261.95
1.544	262.12
1.546	262.792
1.548	263.072
1.55	263.509
1.552	263.57
1.554	263.917
1.556	264.047
1.558	263.908
1.56	264.288
1.562	264.067
1.564	264.415
1.566	265.108
1.568	265.487
1.57	265.661
1.572	266.008
1.574	265.912
1.576	266.708
1.578	266.968
1.58	267
1.582	266.905
1.584	267.24
1.586	267.488
1.588	268.014
1.59	267.962
1.592	267.779
1.594	268.079
1.596	268.395
1.598	268.372
1.6	269.285
1.602	268.922
1.604	269.71
1.606	269.561
1.608	269.757
1.61	270.389
1.612	270.653
1.614	271.235
1.616	271.522
1.618	270.906
1.62	271.286
1.622	271.396
1.624	271.921
1.626	271.903
1.628	272.251
1.63	272.178
1.632	272.89
1.634	272.813
1.636	272.829
1.638	273.486
1.64	273.35
1.642	273.761
1.644	273.874
1.646	273.662
1.648	274.119
1.65	274.124
1.652	274.811
1.654	275.219
1.656	274.976
1.658	275.588
1.66	275.717
1.662	275.634
1.664	276.235
1.666	276.417
1.668	276.367
1.67	276.538
1.672	277.315
1.674	277.309
1.676	277.416
1.678	277.397
1.68	277.865
1.682	277.917
1.684	277.949
1.686	278.202
1.688	279.024
1.69	278.546
1.692	279.143
1.694	279.678
1.696	279.807
1.698	279.526
1.7	279.685
1.702	280.049
1.704	280.299
1.706	280.373
1.708	280.788
1.71	280.955
1.712	280.964
1.714	281.194
1.716	281.29
1.718	281.432
1.72	281.711
1.722	281.461
1.724	281.847
1.726	282.23
1.728	282.663
1.73	283.252
1.732	283.162
1.734	283.284
1.736	283.854
1.738	283.493
1.74	283.573
1.742	283.82
1.744	283.873
1.746	284.611
1.748	284.878
1.75	284.858
1.752	284.99
1.754	285.318
1.756	285.552
1.758	285.777
1.76	285.731
1.762	285.69
1.764	285.979
1.766	286.339
1.768	286.931
1.77	287.079
1.772	287.086
1.774	287.275
1.776	287.369
1.778	287.636
1.78	287.82
1.782	288.06
1.784	288.626
1.786	288.062
1.788	288.308
1.79	288.552
1.792	288.934
1.794	288.973
1.796	288.916
1.798	289.481
1.8	289.613
1.802	289.585
1.804	290.033
1.806	290.74
1.808	290.423
1.81	290.479
1.812	291.043
1.814	290.634
1.816	291.112
1.818	291.504
1.82	291.428
1.822	291.818
1.824	292.367
1.826	292.115
1.828	292.505
1.83	292.926
1.832	292.788
1.834	293.24
1.836	293.698
1.838	293.362
1.84	293.93
1.842	293.79
1.844	294.099
1.846	294.197
1.848	294.148
1.85	294.208
1.852	294.756
1.854	295.025
1.856	295.025
1.858	294.845
1.86	294.808
1.862	295.162
1.864	295.503
1.866	295.415
1.868	295.612
1.87	295.769
1.872	296.122
1.874	296.464
1.876	296.34
1.878	296.321
1.88	296.411
1.882	296.966
1.884	297.133
1.886	297.146
1.888	297.482
1.89	297.16
1.892	297.946
1.894	297.843
1.896	298.026
1.898	298.231
1.9	298.148
1.902	298.494
1.904	298.736
1.906	298.849
1.908	299.066
1.91	299.167
1.912	299.747
1.914	299.788
1.916	299.867
1.918	300.079
1.92	299.824
1.922	300
1.924	300.271
1.926	300.392
1.928	301.225
1.93	301.272
1.932	301.344
1.934	301.18
1.936	301.188
1.938	301.571
1.94	301.519
1.942	301.737
1.944	301.668
1.946	301.881
1.948	302.184
1.95	302.311
1.952	302.808
1.954	302.792
1.956	302.594
1.958	302.823
1.96	302.749
1.962	303.391
1.964	303.714
1.966	303.06
1.968	303.902
1.97	303.8
1.972	304.939
1.974	304.186
1.976	304.364
1.978	304.267
1.98	304.2
1.982	304.857
1.984	304.463
1.986	304.647
1.988	305.302
1.99	305.261
1.992	305.594
1.994	305.906
1.996	305.775
1.998	305.913
2	305.963
2.002	306.389
2.004	306.266
2.006	306.433
2.008	306.704
2.01	307.274
2.012	307.211
2.014	307.136
2.016	308.043
2.018	307.471
2.02	307.285
2.022	307.852
2.024	308.259
2.026	308.506
2.028	308.24
2.03	308.359
2.032	308.367
2.034	308.449
2.036	308.713
2.038	309.282
2.04	308.861
2.042	309.109
2.044	309.243
2.046	309.66
2.048	309.463
2.05	310.015
2.052	309.831
2.054	309.921
2.056	310.351
2.058	310.54
2.06	310.271
2.062	310.53
2.064	310.581
2.066	310.845
2.068	311.349
2.07	311.215
2.072	311.637
2.074	311.929
2.076	311.742
2.078	312.259
2.08	311.565
2.082	312.418
2.084	312.192
2.086	312.43
2.088	312.941
2.09	313.013
2.092	312.658
2.094	312.827
2.096	313.454
2.098	312.949
2.1	313.248
2.102	312.993
2.104	313.409
2.106	313.133
2.108	313.712
2.11	314.14
2.112	314.042
2.114	314.148
2.116	314.024
2.118	314.208
2.12	313.994
2.122	314.685
2.124	314.215
2.126	314.703
2.128	314.431
2.13	315.199
2.132	315.499
2.134	315.693
2.136	315.856
2.138	315.664
2.14	315.882
2.142	315.75
2.144	316.232
2.146	316.195
2.148	316.492
2.15	317.287
2.152	316.86
2.154	316.821
2.156	316.863
2.158	316.832
2.16	317.184
2.162	317.405
2.164	317.354
2.166	317.284
2.168	317.522
2.17	318.015
2.172	318.477
2.174	318.248
2.176	318.108
2.178	317.826
2.18	318.361
2.182	318.144
2.184	318.796
2.186	318.68
2.188	318.537
2.19	319.231
2.192	318.799
2.194	318.986
2.196	319.123
2.198	319.692
2.2	319.653
2.202	319.302
2.204	319.824
2.206	320.131
2.208	320.388
2.21	320.295
2.212	320.275
2.214	320.884
2.216	320.113
2.218	320.474
2.22	320.418
2.222	320.776
2.224	320.99
2.226	320.976
2.228	321.042
2.23	321.353
2.232	321.624
2.234	321.387
2.236	321.624
2.238	321.959
2.24	321.71
2.242	321.675
2.244	322.309
2.246	321.958
2.248	322.308
2.25	322.317
2.252	322.615
2.254	322.911
2.256	323.015
2.258	322.834
2.26	323.33
2.262	322.905
2.264	323.003
2.266	323.924
2.268	324.113
2.27	323.604
2.272	324.076
2.274	324.352
2.276	324.472
2.278	323.876
2.28	323.429
2.282	324.325
2.284	324.832
2.286	324.367
2.288	324.802
2.29	324.82
2.292	325.013
2.294	325.492
2.296	325.463
2.298	325.323
2.3	325.257
2.302	325.379
2.304	325.307
2.306	325.537
2.308	325.935
2.31	325.542
2.312	326.032
2.314	325.774
2.316	326.521
2.318	326.32
2.32	326.384
2.322	326.612
2.324	326.94
2.326	326.467
2.328	327.007
2.33	327.234
2.332	327.022
2.334	326.962
2.336	327.375
2.338	326.745
2.34	327.1
2.342	327.095
2.344	327.587
2.346	327.886
2.348	328.441
2.35	328.035
2.352	327.969
2.354	328.095
2.356	328.129
2.358	328.12
2.36	328.176
2.362	327.938
2.364	328.314
2.366	329.048
2.368	328.957
2.37	329.55
2.372	329.49
2.374	329.13
2.376	329.389
2.378	329.098
2.38	329.082
2.382	329.001
2.384	329.268
2.386	329.826
2.388	330.267
2.39	330.583
2.392	329.703
2.394	329.903
2.396	330.322
2.398	329.932
2.4	330.21
2.402	330.422
2.404	330.662
2.406	331
2.408	331.129
2.41	331.025
2.412	331.308
2.414	331.196
2.416	331.246
2.418	331.448
2.42	331.22
2.422	331.569
2.424	331.672
2.426	331.722
2.428	331.915
2.43	332.039
2.432	332.848
2.434	332.176
2.436	332.507
2.438	332.507
2.44	332.721
2.442	332.565
2.444	332.728
2.446	333.019
2.448	333.446
2.45	333.371
2.452	333.219
2.454	332.921
2.456	332.688
2.458	333.695
2.46	333.168
2.462	332.979
2.464	333.587
2.466	333.524
2.468	333.527
2.47	334.085
2.472	334.164
2.474	334.234
2.476	334.303
2.478	334.079
2.48	334.625
2.482	334.277
2.484	334.622
2.486	334.861
2.488	334.904
2.49	334.677
2.492	335.137
2.494	335.55
2.496	334.881
2.498	335.597
2.5	335.631
2.502	335.323
2.504	335.76
2.506	336.062
2.508	336.141
2.51	336.38
2.512	336.178
2.514	336.658
2.516	336.313
2.518	336.486
2.52	336.525
2.522	336.84
2.524	336.875
2.526	336.89
2.528	336.846
2.53	336.815
2.532	337.182
2.534	336.64
2.536	336.76
2.538	337.557
2.54	337.105
2.542	337.55
2.544	337.125
2.546	336.984
2.548	337.721
2.55	337.708
2.552	337.82
2.554	338.489
2.556	338.287
2.558	337.241
2.56	337.572
2.562	337.938
2.564	337.899
2.566	338.774
2.568	338.335
2.57	338.715
2.572	338.591
2.574	338.382
2.576	339.55
2.578	338.826
2.58	338.836
2.582	339.278
2.584	339.127
2.586	339.201
2.588	339.199
2.59	339.415
2.592	339.2
2.594	339.47
2.596	339.552
2.598	339.491
2.6	339.776
2.602	339.801
2.604	339.999
2.606	340.316
2.608	340.108
2.61	339.829
2.612	340.116
2.614	340.235
2.616	340.322
2.618	340.41
2.62	340.47
2.622	340.716
2.624	340.838
2.626	340.889
2.628	340.817
2.63	341.076
2.632	341.148
2.634	341.224
2.636	341.314
2.638	341.634
2.64	340.782
2.642	341.513
2.644	341.615
2.646	341.625
2.648	341.452
2.65	341.791
2.652	341.752
2.654	341.98
2.656	341.941
2.658	342.06
2.66	341.978
2.662	342.277
2.664	342.597
2.666	342.861
2.668	342.471
2.67	342.647
2.672	342.319
2.674	342.876
2.676	342.823
2.678	343.563
2.68	342.977
2.682	343.254
2.684	343.297
2.686	343.709
2.688	343.436
2.69	343.491
2.692	343.299
2.694	343.478
2.696	343.147
2.698	343.83
2.7	343.41
2.702	343.753
2.704	344.015
2.706	344.124
2.708	344.351
2.71	343.89
2.712	344.434
2.714	344.909
2.716	344.698
2.718	344.236
2.72	344.728
2.722	344.207
2.724	344.97
2.726	345.231
2.728	344.7
2.73	345.251
2.732	344.583
2.734	345.051
2.736	345.453
2.738	345.556
2.74	345.257
2.742	345.324
2.744	345.018
2.746	345.502
2.748	345.925
2.75	345.891
2.752	345.887
2.754	346.255
2.756	345.776
2.758	345.547
2.76	345.651
2.762	345.646
2.764	345.861
2.766	346.291
2.768	346.082
2.77	346.372
2.772	346.204
2.774	346.552
2.776	346.352
2.778	346.139
2.78	346.069
2.782	346.635
2.784	346.614
2.786	346.774
2.788	347.223
2.79	346.494
2.792	346.967
2.794	346.948
2.796	346.877
2.798	347.116
2.8	346.956
2.802	347.492
2.804	347.752
2.806	348.165
2.808	347.529
2.81	348.23
2.812	347.73
2.814	348.278
2.816	347.719
2.818	347.779
2.82	347.838
2.822	347.92
2.824	347.857
2.826	348.365
2.828	348.462
2.83	348.318
2.832	348.444
2.834	348.723
2.836	348.325
2.838	348.414
2.84	348.284
2.842	348.234
2.844	348.689
2.846	349.438
2.848	348.995
2.85	349.063
2.852	348.911
2.854	348.93
2.856	348.656
2.858	349.179
2.86	349.206
2.862	349.319
2.864	349.49
2.866	349.576
2.868	349.299
2.87	349.804
2.872	349.875
2.874	349.705
2.876	349.643
2.878	349.897
2.88	349.821
2.882	349.869
2.884	350.6
2.886	350.206
2.888	350.169
2.89	350.38
2.892	350.62
2.894	350.804
2.896	350.498
2.898	350.4
2.9	350.521
2.902	350.923
2.904	351.167
2.906	350.754
2.908	351.003
2.91	351.038
2.912	350.707
2.914	351.13
2.916	351.162
2.918	350.898
2.92	350.94
2.922	351.302
2.924	351.266
2.926	351.865
2.928	352.071
2.93	352.212
2.932	351.752
2.934	351.685
2.936	351.362
2.938	351.668
2.94	351.611
2.942	351.447
2.944	351.805
2.946	352.414
2.948	352.116
2.95	352.14
2.952	351.935
2.954	352.681
2.956	352.333
2.958	352.395
2.96	352.282
2.962	352.598
2.964	352.623
2.966	352.663
2.968	352.657
2.97	352.529
2.972	353.084
2.974	352.481
2.976	352.856
2.978	352.865
2.98	352.758
2.982	352.443
2.984	352.855
2.986	352.945
2.988	352.637
2.99	353.186
2.992	353.108
2.994	353.087
2.996	353.426
2.998	353.797
3	353.211
3.002	353.3
3.004	353.356
3.006	353.419
3.008	353.903
3.01	353.716
3.012	353.79
3.014	353.497
3.016	354.061
3.018	353.992
3.02	353.998
3.022	354.129
3.024	354.159
3.026	354.11
3.028	354.504
3.03	354.594
3.032	353.883
3.034	354.75
3.036	354.216
3.038	354.854
3.04	354.849
3.042	354.243
3.044	354.696
3.046	354.939
3.048	354.7
3.05	354.695
3.052	354.827
3.054	354.687
3.056	354.589
3.058	355.388
3.06	355.697
3.062	355.174
3.064	355.336
3.066	355.067
3.068	355.806
3.07	355.937
3.072	355.88
3.074	355.212
3.076	355.493
3.078	355.714
3.08	355.483
3.082	355.781
3.084	355.972
3.086	356.494
3.088	355.518
3.09	355.712
3.092	356.011
3.094	356.586
3.096	356.001
3.098	356.03
3.1	356.11
3.102	356.002
3.104	356.355
3.106	356.188
3.108	356.587
3.11	356.507
3.112	356.65
3.114	356.896
3.116	356.53
3.118	356.92
3.12	356.097
3.122	356.706
3.124	356.55
3.126	356.989
3.128	357.062
3.13	357.049
3.132	356.862
3.134	357.355
3.136	357.182
3.138	356.96
3.14	357.152
3.142	357.22
3.144	357.383
3.146	357.523
3.148	357.257
3.15	357.445
3.152	357.585
3.154	357.371
3.156	357.642
3.158	357.619
3.16	357.858
3.162	357.599
3.164	357.75
3.166	358.013
3.168	357.902
3.17	358.355
3.172	358.715
3.174	358.132
3.176	357.705
3.178	358.278
3.18	358.101
3.182	358.453
3.184	358.425
3.186	358.802
3.188	358.451
3.19	358.949
3.192	358.573
3.194	358.488
3.196	358.558
3.198	358.777
3.2	358.342
3.202	358.966
3.204	359.022
3.206	359.377
3.208	358.859
3.21	359.461
3.212	359.045
3.214	359.263
3.216	359.466
3.218	359.386
3.22	358.999
3.222	359.358
3.224	359.451
3.226	360.018
3.228	359.523
3.23	359.751
3.232	359.158
3.234	359.202
3.236	359.405
3.238	359.847
3.24	359.144
3.242	359.5
3.244	360.028
3.246	359.762
3.248	359.632
3.25	360.313
3.252	359.903
3.254	359.703
3.256	359.685
3.258	359.663
3.26	359.898
3.262	359.953
3.264	360.085
3.266	360.363
3.268	360.261
3.27	360.695
3.272	360.228
3.274	360.23
3.276	360.848
3.278	360.543
3.28	360.232
3.282	360.382
3.284	360.417
3.286	360.977
3.288	360.647
3.29	360.356
3.292	360.555
3.294	360.561
3.296	360.648
3.298	360.935
3.3	361.138
3.302	360.816
3.304	361.279
3.306	361.369
3.308	360.822
3.31	361.34
3.312	361.316
3.314	361.068
3.316	361.328
3.318	361.413
3.32	361.146
3.322	361.658
3.324	361.207
3.326	361.652
3.328	361.441
3.33	361.699
3.332	361.538
3.334	361.274
3.336	361.484
3.338	361.681
3.34	361.836
3.342	362.036
3.344	362.4
3.346	362.2
3.348	362.168
3.35	361.776
3.352	361.714
3.354	361.872
3.356	362.109
3.358	361.772
3.36	361.906
3.362	361.806
3.364	362.645
3.366	362.339
3.368	362.132
3.37	362.383
3.372	362.459
3.374	362.277
3.376	362.052
3.378	362.159
3.38	362.662
3.382	362.99
3.384	362.464
3.386	362.394
3.388	362.508
3.39	362.982
3.392	362.625
3.394	362.625
3.396	363.086
3.398	363.205
3.4	362.873
3.402	362.877
3.404	362.81
3.406	363.32
3.408	362.888
3.41	363.6
3.412	363.236
3.414	362.883
3.416	362.808
3.418	363.318
3.42	363.257
3.422	363.313
3.424	363.523
3.426	364.057
3.428	363.815
3.43	363.744
3.432	363.611
3.434	363.278
3.436	363.435
3.438	363.537
3.44	363.549
3.442	363.79
3.444	363.981
3.446	363.625
3.448	363.45
3.45	363.98
3.452	363.707
3.454	364.036
3.456	363.883
3.458	364.1
3.46	363.595
3.462	363.962
3.464	364.183
3.466	364.369
3.468	364.465
3.47	363.984
3.472	363.792
3.474	363.982
3.476	364.349
3.478	364.625
3.48	364.972
3.482	364.378
3.484	364.517
3.486	364.929
3.488	364.758
3.49	364.319
3.492	364.575
3.494	364.454
3.496	364.169
3.498	364.491
3.5	364.299
3.502	364.278
3.504	364.445
3.506	365.041
3.508	364.812
3.51	365.434
3.512	365.008
3.514	364.83
3.516	365.323
3.518	364.819
3.52	365.15
3.522	364.817
3.524	365.345
3.526	365.253
3.528	364.783
3.53	365.568
3.532	365.048
3.534	365.495
3.536	364.94
3.538	365.195
3.54	365.517
3.542	365.74
3.544	365.656
3.546	365.246
3.548	364.892
3.55	365.471
3.552	366.063
3.554	365.195
3.556	365.295
3.558	365.69
3.56	365.067
3.562	365.044
3.564	365.724
3.566	366.016
3.568	365.516
3.57	365.822
3.572	365.722
3.574	365.968
3.576	365.615
3.578	365.587
3.58	365.75
3.582	365.738
3.584	366.084
3.586	365.974
3.588	366.151
3.59	366.668
3.592	366.387
3.594	366.286
3.596	366.365
3.598	366.473
3.6	365.861
3.602	366.552
3.604	366.317
3.606	366.315
3.608	366.716
3.61	366.809
3.612	366.349
3.614	366.416
3.616	366.519
3.618	366.717
3.62	366.695
3.622	366.998
3.624	366.84
3.626	367.254
3.628	367.019
3.63	366.86
3.632	366.692
3.634	366.49
3.636	366.729
3.638	366.887
3.64	366.854
3.642	367.226
3.644	366.916
3.646	367.154
3.648	367.112
3.65	367.203
3.652	366.729
3.654	367.142
3.656	366.664
3.658	367.006
3.66	366.901
3.662	367.198
3.664	367.336
3.666	367.854
3.668	367.119
3.67	367.584
3.672	367.478
3.674	367.434
3.676	367.96
3.678	368.096
3.68	367.148
3.682	367.399
3.684	367.119
3.686	367.909
3.688	367.873
3.69	368.031
3.692	367.822
3.694	367.667
3.696	367.506
3.698	368.478
3.7	367.864
3.702	368.204
3.704	368.385
3.706	367.997
3.708	368.071
3.71	368.093
3.712	367.888
3.714	367.624
3.716	367.814
3.718	367.916
3.72	367.764
3.722	367.916
3.724	368.187
3.726	368.154
3.728	368.553
3.73	368.64
3.732	368.516
3.734	368.744
3.736	368.61
3.738	368.596
3.74	368.458
3.742	368.533
3.744	368.718
3.746	368.339
3.748	368.692
3.75	368.57
3.752	368.452
3.754	368.776
3.756	368.675
3.758	368.386
3.76	368.63
3.762	368.679
3.764	368.736
3.766	368.796
3.768	368.578
3.77	369.084
3.772	369.22
3.774	368.831
3.776	369.34
3.778	368.752
3.78	368.808
3.782	368.842
3.784	369.506
3.786	369.168
3.788	369.421
3.79	369.312
3.792	369.428
3.794	369.355
3.796	369.559
3.798	369.703
3.8	369.105
3.802	369.195
3.804	368.768
3.806	369.851
3.808	369.527
3.81	369.321
3.812	369.475
3.814	369.354
3.816	369.501
3.818	369.854
3.82	369.281
3.822	369.548
3.824	369.876
3.826	369.885
3.828	370.165
3.83	370.324
3.832	369.641
3.834	369.807
3.836	370.167
3.838	369.787
3.84	369.807
3.842	369.898
3.844	370.49
3.846	369.809
3.848	369.528
3.85	369.712
3.852	370.456
3.854	369.94
3.856	369.755
3.858	370.37
3.86	369.778
3.862	369.822
3.864	369.918
3.866	370.698
3.868	370.467
3.87	370
3.872	369.997
3.874	369.962
3.876	370.636
3.878	370.196
3.88	370.025
3.882	370.542
3.884	370.502
3.886	370.713
3.888	370.553
3.89	370.318
3.892	370.301
3.894	370.188
3.896	370.603
3.898	370.698
3.9	370.68
3.902	370.678
3.904	370.469
3.906	370.918
3.908	370.667
3.91	371.1
3.912	370.599
3.914	370.82
3.916	370.858
3.918	370.345
3.92	370.162
3.922	370.799
3.924	370.675
3.926	370.792
3.928	370.646
3.93	370.876
3.932	370.745
3.934	370.746
3.936	370.749
3.938	370.605
3.94	370.378
3.942	370.493
3.944	370.63
3.946	371.401
3.948	371.223
3.95	371.022
3.952	371.009
3.954	370.538
3.956	371.107
3.958	371.33
3.96	371.12
3.962	371.023
3.964	371.122
3.966	371.543
3.968	371.233
3.97	370.997
3.972	371.315
3.974	371.736
3.976	371.34
3.978	371.654
3.98	370.986
3.982	371.297
3.984	371.24
3.986	371.614
3.988	371.502
3.99	371.674
3.992	370.742
3.994	371.496
3.996	371.907
3.998	372.23
4	371.784
4.002	371.529
4.004	371.81
4.006	371.685
4.008	371.706
4.01	371.933
4.012	371.628
4.014	372.007
4.016	372.298
4.018	372.332
4.02	372.08
4.022	371.765
4.024	372.067
4.026	372.197
4.028	372.079
4.03	372.23
4.032	371.921
4.034	372.286
4.036	371.877
4.038	371.837
4.04	372.395
4.042	372.718
4.044	372.264
4.046	372.505
4.048	372.971
4.05	372.049
4.052	372.323
4.054	372.358
4.056	372.316
4.058	372.664
4.06	372.81
4.062	372.387
4.064	372.874
4.066	372.7
4.068	372.392
4.07	372.845
4.072	372.269
4.074	372.498
4.076	372.226
4.078	372.743
4.08	372.031
4.082	372.507
4.084	372.798
4.086	372.673
4.088	372.465
4.09	372.793
4.092	372.907
4.094	372.743
4.096	372.567
4.098	372.219
4.1	372.745
4.102	372.57
4.104	372.589
4.106	372.973
4.108	373.159
4.11	373.071
4.112	372.737
4.114	372.891
4.116	372.976
4.118	373.223
4.12	373.141
4.122	373.086
4.124	372.982
4.126	372.582
4.128	372.57
4.13	373.469
4.132	372.724
4.134	373.521
4.136	372.925
4.138	373.028
4.14	372.714
4.142	373.045
4.144	373.042
4.146	373.22
4.148	372.637
4.15	373.307
4.152	372.765
4.154	372.703
4.156	373.036
4.158	372.591
4.16	372.931
4.162	373.186
4.164	372.792
4.166	373.085
4.168	373.469
4.17	373.824
4.172	373.464
4.174	373.113
4.176	372.926
4.178	372.964
4.18	373.622
4.182	373.275
4.184	372.914
4.186	373.775
4.188	373.229
4.19	373.37
4.192	373.405
4.194	373.622
4.196	373.975
4.198	373.588
4.2	373.497
4.202	373.419
4.204	373.663
4.206	373.835
4.208	373.652
4.21	373.663
4.212	374.407
4.214	374.088
4.216	374.11
4.218	373.694
4.22	373.337
4.222	373.412
4.224	373.638
4.226	374.095
4.228	373.733
4.23	373.691
4.232	374.008
4.234	373.478
4.236	373.588
4.238	373.979
4.24	373.464
4.242	373.812
4.244	373.358
4.246	373.757
4.248	373.7
4.25	374.037
4.252	374.336
4.254	373.934
4.256	373.995
4.258	374.274
4.26	374.295
4.262	374.472
4.264	374.411
4.266	373.548
4.268	374.206
4.27	374.369
4.272	374.779
4.274	374.599
4.276	374.004
4.278	374.368
4.28	374.256
4.282	374.443
4.284	374.678
4.286	374.583
4.288	374.569
4.29	374.343
4.292	374.284
4.294	373.875
4.296	374.318
4.298	374.789
4.3	374.524
4.302	374.284
4.304	374.391
4.306	374.425
4.308	374.227
4.31	374.038
4.312	374.473
4.314	374.31
4.316	374.093
4.318	374.318
4.32	374.255
4.322	374.427
4.324	374.586
4.326	374.335
4.328	374.066
4.33	374.728
4.332	374.683
4.334	374.721
4.336	375.061
4.338	374.6
4.34	374.658
4.342	374.454
4.344	374.505
4.346	374.945
4.348	374.223
4.35	374.628
4.352	375.004
4.354	374.676
4.356	374.716
4.358	374.84
4.36	374.658
4.362	374.812
4.364	375.173
4.366	374.497
4.368	374.608
4.37	375.418
4.372	375.225
4.374	374.887
4.376	375.207
4.378	375.069
4.38	375.349
4.382	374.576
4.384	374.797
4.386	374.871
4.388	375.079
4.39	375.53
4.392	375.071
4.394	374.904
4.396	375.277
4.398	375.387
4.4	375.155
4.402	375.522
4.404	375.507
4.406	375.118
4.408	375.012
4.41	375.33
4.412	375.223
4.414	375.293
4.416	375.139
4.418	375.614
4.42	375.036
4.422	375.406
4.424	375.371
4.426	374.81
4.428	375.021
4.43	375.622
4.432	375.667
4.434	375.022
4.436	375.136
4.438	375.375
4.44	375.391
4.442	375.358
4.444	374.718
4.446	375.44
4.448	375.353
4.45	375.357
4.452	375.221
4.454	375.336
4.456	375.239
4.458	375.596
4.46	375.048
4.462	375.126
4.464	375.663
4.466	375.431
4.468	375.112
4.47	375.818
4.472	375.477
4.474	375.451
4.476	375.501
4.478	375.484
4.48	375.005
4.482	375.534
4.484	375.328
4.486	375.662
4.488	375.317
4.49	375.768
4.492	375.68
4.494	375.926
4.496	375.52
4.498	375.994
4.5	375.936
4.502	375.682
4.504	375.866
4.506	376.127
4.508	375.697
4.51	375.814
4.512	375.781
4.514	375.424
4.516	375.793
4.518	376.029
4.52	375.841
4.522	376.015
4.524	376.073
4.526	375.818
4.528	375.523
4.53	375.659
4.532	375.869
4.534	376.095
4.536	376.503
4.538	376.36
4.54	375.78
4.542	375.64
4.544	376.097
4.546	376.211
4.548	375.722
4.55	376.28
4.552	375.802
4.554	375.809
4.556	376.279
4.558	376.197
4.56	375.888
4.562	376.066
4.564	375.752
4.566	376.101
4.568	376.029
4.57	375.929
4.572	375.785
4.574	375.989
4.576	376.147
4.578	375.907
4.58	375.894
4.582	375.836
4.584	376.21
4.586	375.993
4.588	375.645
4.59	375.883
4.592	376.156
4.594	375.999
4.596	375.813
4.598	375.998
4.6	376.611
4.602	375.942
4.604	376.178
4.606	375.877
4.608	376.094
4.61	376.49
4.612	376.604
4.614	376.259
4.616	376.821
4.618	376.293
4.62	376.219
4.622	376.352
4.624	376.555
4.626	376.278
4.628	376.652
4.63	376.528
4.632	376.97
4.634	376.671
4.636	376.557
4.638	376.84
4.64	375.981
4.642	376.078
4.644	376.605
4.646	376.522
4.648	376.386
4.65	376.393
4.652	376.682
4.654	376.311
4.656	376.249
4.658	376.609
4.66	376.278
4.662	376.506
4.664	376.397
4.666	376.74
4.668	376.521
4.67	376.97
4.672	376.71
4.674	375.923
4.676	376.624
4.678	376.823
4.68	376.4
4.682	376.356
4.684	377.087
4.686	376.91
4.688	377.133
4.69	376.874
4.692	376.859
4.694	377.31
4.696	376.714
4.698	376.408
4.7	376.617
4.702	376.509
4.704	376.949
4.706	376.914
4.708	376.314
4.71	377.076
4.712	376.441
4.714	376.987
4.716	376.911
4.718	376.929
4.72	376.612
4.722	377.024
4.724	376.893
4.726	376.998
4.728	376.82
4.73	377.179
4.732	376.793
4.734	376.864
4.736	377.083
4.738	377.147
4.74	376.804
4.742	377.273
4.744	376.707
4.746	376.844
4.748	377.117
4.75	377.541
4.752	377.346
4.754	376.925
4.756	377.112
4.758	377.679
4.76	376.408
4.762	377.22
4.764	377.114
4.766	377.503
4.768	376.961
4.77	377.238
4.772	377.688
4.774	376.73
4.776	377.58
4.778	376.978
4.78	377.561
4.782	377.302
4.784	377.435
4.786	376.738
4.788	376.993
4.79	377.209
4.792	377.711
4.794	376.907
4.796	377.249
4.798	377.562
4.8	377.322
4.802	377.471
4.804	377.045
4.806	377.598
4.808	377.297
4.81	377.126
4.812	377.247
4.814	377.495
4.816	377.685
4.818	377.382
4.82	377.356
4.822	377.621
4.824	377.4
4.826	377.335
4.828	377.457
4.83	377.39
4.832	377.622
4.834	377.843
4.836	377.314
4.838	377.978
4.84	377.314
4.842	377.249
4.844	377.325
4.846	377.313
4.848	377.476
4.85	377.674
4.852	376.812
4.854	377.587
4.856	377.239
4.858	377.003
4.86	377.14
4.862	377.655
4.864	377.386
4.866	377.657
4.868	376.871
4.87	377.48
4.872	377.702
4.874	377.482
4.876	377.559
4.878	377.321
4.88	377.078
4.882	377.812
4.884	377.543
4.886	377.31
4.888	376.985
4.89	377.311
4.892	377.32
4.894	377.382
4.896	377.384
4.898	377.482
4.9	377.017
4.902	377.613
4.904	377.414
4.906	377.244
4.908	377.366
4.91	377.653
4.912	377.39
4.914	377.368
4.916	377.385
4.918	377.462
4.92	378.014
4.922	377.674
4.924	377.588
4.926	377.19
4.928	377.352
4.93	377.341
4.932	377.121
4.934	377.44
4.936	377.835
4.938	377.689
4.94	377.798
4.942	377.878
4.944	377.124
4.946	377.732
4.948	377.367
4.95	378.251
4.952	377.932
4.954	377.857
4.956	378.206
4.958	378.25
4.96	377.461
4.962	378.034
4.964	377.876
4.966	377.88
4.968	377.804
4.97	378.118
4.972	377.289
4.974	377.77
4.976	378.242
4.978	378.188
4.98	377.686
4.982	378.188
4.984	378.206
4.986	377.827
4.988	378.057
4.99	378.487
4.992	378.278
4.994	377.894
4.996	377.794
4.998	378.051
5	378.18
5.002	378.594
5.004	377.865
5.006	378.138
5.008	378.358
5.01	378.22
5.012	378.374
5.014	378.227
5.016	378.314
5.018	378.075
5.02	378.024
5.022	377.956
5.024	377.865
5.026	378.713
5.028	377.982
5.03	378.345
5.032	377.922
5.034	378.631
5.036	378.439
5.038	378.514
5.04	378.214
5.042	378.403
5.044	378.168
5.046	378.574
5.048	378.36
5.05	378.297
5.052	378.609
5.054	378.553
5.056	378.161
5.058	378.242
5.06	377.89
5.062	378.344
5.064	378.418
5.066	378.383
5.068	377.927
5.07	377.854
5.072	378.76
5.074	378.091
5.076	377.952
5.078	378.641
5.08	378.575
5.082	378.533
5.084	378.022
5.086	378.248
5.088	377.726
5.09	378.176
5.092	377.938
5.094	378.793
5.096	378.851
5.098	378.381
5.1	378.3
5.102	378.252
5.104	378.701
5.106	378.194
5.108	378.475
5.11	378.419
5.112	377.996
5.114	378.732
5.116	378.118
5.118	378.592
5.12	378.227
5.122	379.112
5.124	378.419
5.126	378.66
5.128	378.389
5.13	378.904
5.132	378.439
5.134	379.053
5.136	378.13
5.138	378.832
5.14	378.499
5.142	378.484
5.144	378.498
5.146	378.434
5.148	378.799
5.15	378.86
5.152	378.73
5.154	378.598
5.156	378.127
5.158	378.418
5.16	378.664
5.162	378.638
5.164	378.569
5.166	378.776
5.168	378.726
5.17	379.058
5.172	379.184
5.174	378.719
5.176	378.604
5.178	401.036
5.18	68.5425
5.182	70.2961
5.184	71.0902
5.186	72.0058
5.188	72.5945
5.19	73.1078
5.192	73.1578
5.194	73.5429
5.196	73.7322
5.198	73.9491
5.2	73.9921
5.202	74.2813
5.204	74.223
5.206	74.4516
5.208	74.5831
5.21	74.7685
5.212	74.6484
5.214	74.7081
5.216	74.7802
5.218	74.893
5.22	74.7197
5.222	75.1188
5.224	74.8913
5.226	74.9673
5.228	75.0505
5.23	75.2782
5.232	74.9509
5.234	75.0809
5.236	75.0967
5.238	75.0552
5.24	74.8015
5.242	75.1158
5.244	74.8377
5.246	74.9358
5.248	74.925
5.25	75.1147
5.252	74.8478
5.254	74.9523
5.256	74.809
5.258	74.7249
5.26	74.4972
5.262	74.6803
5.264	74.5585
5.266	74.6283
5.268	74.5479
5.27	74.6363
5.272	74.4709
5.274	74.4877
5.276	74.3463
5.278	74.2974
5.28	74.0219
5.282	74.1442
5.284	74.1697
5.286	74.0373
5.288	73.9937
5.29	74.0515
5.292	73.7079
5.294	73.8973
5.296	73.6667
5.298	73.7701
5.3	73.4322
5.302	73.7222
5.304	73.5417
5.306	73.4525
5.308	73.617
5.31	73.3546
5.312	73.3916
5.314	73.2782
5.316	73.0627
5.318	73.2168
5.32	72.8321
5.322	72.9257
5.324	72.8521
5.326	72.733
5.328	72.7122
5.33	72.8793
5.332	72.4866
5.334	72.5085
5.336	72.4608
5.338	72.456
5.34	72.1254
5.342	72.3419
5.344	72.2528
5.346	72.106
5.348	72.0236
5.35	72.2331
5.352	71.897
5.354	71.9368
5.356	71.6252
5.358	71.6297
5.36	71.6394
5.362	71.6278
5.364	71.4697
5.366	71.5118
5.368	71.356
5.37	71.356
5.372	71.0316
5.374	71.2062
5.376	70.964
5.378	71.0268
5.38	70.8118
5.382	70.7405
5.384	70.6453
5.386	70.6565
5.388	70.5053
5.39	70.6291
5.392	70.4921
5.394	70.3607
5.396	70.1953
5.398	70.2728
5.4	70.0515
5.402	70.0845
5.404	69.95
5.406	69.8135
5.408	69.7177
5.41	70.0206
5.412	69.5159
5.414	69.5791
5.416	69.6001
5.418	69.489
5.42	69.3728
5.422	69.3863
5.424	69.3252
5.426	69.1988
5.428	69.2166
5.43	69.2873
5.432	68.9917
5.434	68.7672
5.436	68.7601
5.438	68.6561
5.44	68.573
5.442	68.5803
5.444	68.4738
5.446	68.3978
5.448	68.2697
5.45	68.5213
5.452	68.187
5.454	68.2356
5.456	68.064
5.458	67.9303
5.46	67.8421
5.462	67.7364
5.464	67.7525
5.466	67.7902
5.468	67.6687
5.47	67.7243
5.472	67.4837
5.474	67.4202
5.476	67.2757
5.478	67.2744
5.48	67.1245
5.482	67.2013
5.484	67.0959
5.486	67.0363
5.488	67.0195
5.49	66.9933
5.492	66.8904
5.494	66.7754
5.496	66.6886
5.498	66.5466
5.5	66.4482
5.502	66.429
5.504	66.5115
5.506	66.365
5.508	66.3046
5.51	66.3631
5.512	66.1191
5.514	66.0235
5.516	65.8561
5.518	65.7912
5.52	65.6801
5.522	65.7351
5.524	65.7138
5.526	65.6165
5.528	65.5514
5.53	65.6166
5.532	65.4036
5.534	65.3043
5.536	65.2527
5.538	65.1021
5.54	65.0643
5.542	65.0163
5.544	64.9292
5.546	64.9224
5.548	64.8462
5.55	64.9327
5.552	64.648
5.554	64.5714
5.556	64.5098
5.558	64.431
5.56	64.3036
5.562	64.2941
5.564	64.402
5.566	64.2468
5.568	64.2243
5.57	64.291
5.572	64.0114
5.574	63.9589
5.576	63.8823
5.578	63.7483
5.58	63.8325
5.582	63.666
5.584	63.7022
5.586	63.6665
5.588	63.7593
5.59	63.5606
5.592	63.5969
5.594	63.3806
5.596	63.453
5.598	63.3088
5.6	63.0375
5.602	63.1585
5.604	63.1951
5.606	63.0611
5.608	63.0111
5.61	62.9162
5.612	62.8233
5.614	62.7799
5.616	62.6754
5.618	62.5749
5.62	62.496
5.622	62.4455
5.624	62.4285
5.626	62.3387
5.628	62.3906
5.63	62.3741
5.632	62.1263
5.634	62.0863
5.636	62.069
5.638	62.0284
5.64	61.6581
5.642	61.7763
5.644	61.8079
5.646	61.7671
5.648	61.7108
5.65	61.6609
5.652	61.6235
5.654	61.3959
5.656	61.3364
5.658	61.1689
5.66	61.1893
5.662	61.1362
5.664	61.114
5.666	61.0555
5.668	61.0272
5.67	60.9255
5.672	60.9022
5.674	60.8605
5.676	60.6923
5.678	60.4844
5.68	60.4865
5.682	60.3925
5.684	60.6558
5.686	60.4716
5.688	60.4693
5.69	60.3439
5.692	60.4228
5.694	60.1162
5.696	60.205
5.698	59.9558
5.7	59.8867
5.702	59.9336
5.704	59.9285
5.706	59.9905
5.708	59.8667
5.71	59.8863
5.712	59.7407
5.714	59.512
5.716	59.534
5.718	59.357
5.72	59.3082
5.722	59.3413
5.724	59.3465
5.726	59.2433
5.728	59.2729
5.73	59.315
5.732	58.9929
5.734	59.0446
5.736	58.9516
5.738	58.7965
5.74	58.8401
5.742	58.7425
5.744	58.7411
5.746	58.7034
5.748	58.6661
5.75	58.6481
5.752	58.5849
5.754	58.303
5.756	58.3323
5.758	58.1818
5.76	58.0264
5.762	58.1025
5.764	58.1415
5.766	58.1763
5.768	58.0831
5.77	58.2093
5.772	58.0311
5.774	57.8222
5.776	57.8348
5.778	57.723
5.78	57.7177
5.782	57.7246
5.784	57.5723
5.786	57.5131
5.788	57.7295
5.79	57.6
5.792	57.4742
5.794	57.411
5.796	57.2851
5.798	57.2022
5.8	57.0915
5.802	57.0628
5.804	57.0666
5.806	57.1013
5.808	57.1394
5.81	57.022
5.812	56.9526
5.814	56.8399
5.816	56.7872
5.818	56.4877
5.82	56.555
5.822	56.6252
5.824	56.4724
5.826	56.4606
5.828	56.6634
5.83	56.4477
5.832	56.4636
5.834	56.1666
5.836	56.2989
5.838	56.0856
5.84	56.054
5.842	55.9759
5.844	56.0234
5.846	56.1172
5.848	55.8356
5.85	55.9655
5.852	55.8516
5.854	55.8891
5.856	55.5464
5.858	55.4302
5.86	55.5466
5.862	55.4532
5.864	55.5154
5.866	55.4181
5.868	55.4275
5.87	55.3795
5.872	55.4681
5.874	55.2884
5.876	55.2309
5.878	55.0123
5.88	54.9946
5.882	55.0355
5.884	55.0212
5.886	54.9636
5.888	55.1265
5.89	54.948
5.892	54.7811
5.894	54.7586
5.896	54.6755
5.898	54.4543
5.9	54.5514
5.902	54.4955
5.904	54.6123
5.906	54.4232
5.908	54.4998
5.91	54.6423
5.912	54.4974
5.914	54.1722
5.916	54.1427
5.918	54.0658
5.92	54.1077
5.922	53.9873
5.924	53.9917
5.926	53.9399
5.928	53.9712
5.93	54.0088
5.932	53.8403
5.934	53.726
5.936	53.7936
5.938	53.4706
5.94	53.5656
5.942	53.5085
5.944	53.4664
5.946	53.3359
5.948	53.4536
5.95	53.4324
5.952	53.4086
5.954	53.2799
5.956	53.1655
5.958	53.0763
5.96	53.0654
5.962	52.9553
5.964	53.0487
5.966	52.9686
5.968	53.1145
5.97	52.976
5.972	52.9303
5.974	52.7017
5.976	52.7707
5.978	52.6336
5.98	52.5665
5.982	52.4837
5.984	52.5409
5.986	52.4308
5.988	52.6689
5.99	52.5368
5.992	52.5114
5.994	52.4561
5.996	52.2663
5.998	52.1832
6	52.127
6.002	52.0502
6.004	52.1287
6.006	52.1406
6.008	52.2481
6.01	52.246
6.012	52.1474
6.014	51.8343
6.016	51.8033
6.018	51.8089
6.02	51.6465
6.022	51.5581
6.024	51.7228
6.026	51.5671
6.028	51.7152
6.03	51.7138
6.032	51.6923
6.034	51.3999
6.036	51.4577
6.038	51.2848
6.04	51.1108
6.042	51.2097
6.044	51.1234
6.046	51.2195
6.048	51.3131
6.05	51.2955
6.052	51.1023
6.054	51.0418
6.056	50.9664
6.058	50.7852
6.06	50.8436
6.062	50.8072
6.064	50.7776
6.066	50.612
6.068	50.9065
6.07	50.7423
6.072	50.6454
6.074	50.533
6.076	50.553
6.078	50.3436
6.08	50.3565
6.082	50.3436
6.084	50.3912
6.086	50.3824
6.088	50.435
6.09	50.4084
6.092	50.2979
6.094	50.0879
6.096	50.1591
6.098	50.0564
6.1	49.943
6.102	49.9583
6.104	50.0384
6.106	50.0022
6.108	49.9953
6.11	50.0315
6.112	49.8014
6.114	49.6946
6.116	49.7693
6.118	49.5551
6.12	49.5811
6.122	49.5347
6.124	49.6296
6.126	49.6964
6.128	49.5618
6.13	49.6954
6.132	49.5069
6.134	49.2721
6.136	49.3963
6.138	49.0914
6.14	49.0821
6.142	49.0995
6.144	48.9947
6.146	49.0592
6.148	49.1002
6.15	49.0971
6.152	49.021
6.154	48.8949
6.156	48.9126
6.158	48.8359
6.16	48.6914
6.162	48.7042
6.164	48.9065
6.166	48.6744
6.168	48.8651
6.17	48.8431
6.172	48.6075
6.174	48.4154
6.176	48.5508
6.178	48.2924
6.18	48.3443
6.182	48.3108
6.184	48.3163
6.186	48.264
6.188	48.4168
6.19	48.2616
6.192	48.1578
6.194	48.127
6.196	48.0804
6.198	47.8672
6.2	48.0221
6.202	47.9315
6.204	47.938
6.206	47.9559
6.208	48.0588
6.21	47.8816
6.212	47.937
6.214	47.7067
6.216	47.6829
6.218	47.5014
6.22	47.5349
6.222	47.4347
6.224	47.7046
6.226	47.5472
6.228	47.6671
6.23	47.5203
6.232	47.3166
6.234	47.2691
6.236	47.3091
6.238	47.2235
6.24	47.1622
6.242	47.1282
6.244	47.2795
6.246	47.1764
6.248	47.1898
6.25	47.2937
6.252	47.1581
6.254	46.9854
6.256	46.9775
6.258	46.7221
6.26	46.7502
6.262	46.8382
6.264	46.9624
6.266	46.7795
6.268	46.8973
6.27	46.8508
6.272	46.9039
6.274	46.5431
6.276	46.6661
6.278	46.4122
6.28	46.389
6.282	46.3365
6.284	46.4938
6.286	46.455
6.288	46.6709
6.29	46.4445
6.292	46.3942
6.294	46.2498
6.296	46.232
6.298	46.1288
6.3	46.0947
6.302	46.0087
6.304	46.2019
6.306	46.0628
6.308	46.2844
6.31	46.1411
6.312	46.1576
6.314	45.8293
6.316	45.9355
6.318	45.7586
6.32	45.7059
6.322	45.7397
6.324	45.8803
6.326	45.7489
6.328	45.8693
6.33	45.9242
6.332	45.9343
6.334	45.5775
6.336	45.5749
6.338	45.3481
6.34	45.3491
6.342	45.3423
6.344	45.5589
6.346	45.5406
6.348	45.651
6.35	45.4885
6.352	45.4518
6.354	45.1661
6.356	45.2466
6.358	45.1861
6.36	45.0709
6.362	44.9728
6.364	45.2562
6.366	45.1003
6.368	45.3018
6.37	45.0841
6.372	45.1261
6.374	44.8165
6.376	44.9698
6.378	44.7168
6.38	44.7959
6.382	44.7152
6.384	44.9958
6.386	44.8647
6.388	44.9628
6.39	44.9062
6.392	44.8657
6.394	44.5539
6.396	44.6409
6.398	44.3899
6.4	44.3854
6.402	44.3426
6.404	44.4893
6.406	44.3954
6.408	44.5373
6.41	44.3277
6.412	44.3548
6.414	44.1102
6.416	44.2187
6.418	44.1141
6.42	44.0614
6.422	43.9992
6.424	44.1844
6.426	43.9823
6.428	44.1401
6.43	44.074
6.432	44.0749
6.434	43.7855
6.436	43.8645
6.438	43.6564
6.44	43.796
6.442	43.6997
6.444	43.9002
6.446	43.6534
6.448	43.8238
6.45	43.8028
6.452	43.7787
6.454	43.3975
6.456	43.62
6.458	43.3889
6.46	43.4147
6.462	43.4242
6.464	43.6553
6.466	43.4569
6.468	43.566
6.47	43.3995
6.472	43.5651
6.474	43.2361
6.476	43.3482
6.478	43.1475
6.48	43.1899
6.482	43.0018
6.484	43.2819
6.486	43.223
6.488	43.2539
6.49	42.9919
6.492	43.2086
6.494	42.8313
6.496	42.9704
6.498	42.7904
6.5	42.8045
6.502	42.6078
6.504	42.8424
6.506	42.8372
6.508	42.9058
6.51	42.8456
6.512	42.8177
6.514	42.5855
6.516	42.6972
6.518	42.4948
6.52	42.4944
6.522	42.2803
6.524	42.6349
6.526	42.4874
6.528	42.612
6.53	42.4583
6.532	42.5973
6.534	42.3239
6.536	42.3635
6.538	42.0727
6.54	42.2141
6.542	42.1477
6.544	42.2638
6.546	42.2903
6.548	42.4455
6.55	42.2905
6.552	42.4307
6.554	42.0863
6.556	42.0715
6.558	41.6854
6.56	41.9103
6.562	41.7326
6.564	41.9355
6.566	41.8825
6.568	41.8727
6.57	41.8114
6.572	42.0183
6.574	41.6083
6.576	41.7348
6.578	41.5224
6.58	41.7469
6.582	41.4268
6.584	41.6363
6.586	41.5713
6.588	41.8299
6.59	41.6588
6.592	41.743
6.594	41.2843
6.596	41.3732
6.598	41.2471
6.6	41.3133
6.602	41.1903
6.604	41.5382
6.606	41.3436
6.608	41.4912
6.61	41.1129
6.612	41.4755
6.614	41.1316
6.616	41.1381
6.618	40.8851
6.62	40.9478
6.622	40.9723
6.624	41.1183
6.626	41.0257
6.628	41.2518
6.63	40.9796
6.632	41.1525
6.634	40.7574
6.636	40.9186
6.638	40.638
6.64	40.7054
6.642	40.5432
6.644	40.8765
6.646	40.7276
6.648	40.8755
6.65	40.7135
6.652	40.8222
6.654	40.3699
6.656	40.4835
6.658	40.2477
6.66	40.3815
6.662	40.2531
6.664	40.6044
6.666	40.4468
6.668	40.5869
6.67	40.3393
6.672	40.6551
6.674	40.1286
6.676	40.2842
6.678	40.033
6.68	40.1865
6.682	39.9691
6.684	40.262
6.686	40.0945
6.688	40.3408
6.69	40.1724
6.692	40.2263
6.694	39.7956
6.696	39.9956
6.698	39.7807
6.7	39.9715
6.702	39.6413
6.704	40.0962
6.706	39.8695
6.708	40.1284
6.71	39.9792
6.712	39.9589
6.714	39.6773
6.716	39.7522
6.718	39.5218
6.72	39.6822
6.722	39.4567
6.724	39.7463
6.726	39.6407
6.728	39.8373
6.73	39.64
6.732	39.7488
6.734	39.3577
6.736	39.4784
6.738	39.1538
6.74	39.4037
6.742	39.1831
6.744	39.5552
6.746	39.4045
6.748	39.4172
6.75	39.3401
6.752	39.4843
6.754	39.0893
6.756	39.1278
6.758	39.0184
6.76	39.0948
6.762	38.9888
6.764	39.3059
6.766	39.1187
6.768	39.3461
6.77	39.1223
6.772	39.249
6.774	38.8282
6.776	38.9708
6.778	38.6568
6.78	38.9075
6.782	38.6555
6.784	38.9463
6.786	38.916
6.788	39.0944
6.79	38.8209
6.792	39.0565
6.794	38.6617
6.796	38.711
6.798	38.4128
6.8	38.5573
6.802	38.438
6.804	38.7903
6.806	38.6139
6.808	38.8555
6.81	38.5879
6.812	38.7336
6.814	38.3142
6.816	38.4636
6.818	38.1703
6.82	38.4099
6.822	38.1992
6.824	38.5317
6.826	38.3775
6.828	38.6474
6.83	38.3223
6.832	38.4844
6.834	38.1027
6.836	38.2737
6.838	37.9087
6.84	38.1655
6.842	37.8652
6.844	38.2963
6.846	38.1152
6.848	38.3031
6.85	38.0822
6.852	38.2336
6.854	37.7516
6.856	37.9795
6.858	37.6821
6.86	38.051
6.862	37.8342
6.864	38.0034
6.866	37.9111
6.868	38.0992
6.87	37.9144
6.872	37.9397
6.874	37.6251
6.876	37.6505
6.878	37.4747
6.88	37.581
6.882	37.5348
6.884	37.6791
6.886	37.6285
6.888	37.9044
6.89	37.7616
6.892	37.7029
6.894	37.4314
6.896	37.4802
6.898	37.2682
6.9	37.3523
6.902	37.2236
6.904	37.5383
6.906	37.2825
6.908	37.7555
6.91	37.4779
6.912	37.4739
6.914	37.1654
6.916	37.2353
6.918	36.8217
6.92	37.1399
6.922	37.0613
6.924	37.2378
6.926	37.0848
6.928	37.3533
6.93	36.9635
6.932	37.176
6.934	36.8846
6.936	36.982
6.938	36.6031
6.94	36.8464
6.942	36.6786
6.944	36.9303
6.946	36.8322
6.948	37.0977
6.95	36.9692
6.952	36.9542
6.954	36.6556
6.956	36.6356
6.958	36.4618
6.96	36.6407
6.962	36.4723
6.964	36.7919
6.966	36.5994
6.968	36.8606
6.97	36.6326
6.972	36.7381
6.974	36.4444
6.976	36.4997
6.978	36.1741
6.98	36.4265
6.982	36.3406
6.984	36.5278
6.986	36.43
6.988	36.6919
6.99	36.4816
6.992	36.3646
6.994	36.211
6.996	36.1757
6.998	36.0555
7	36.2244
7.002	36.0732
7.004	36.2494
7.006	36.1546
7.008	36.374
7.01	36.177
7.012	36.3371
7.014	36.0337
7.016	36.0485
7.018	35.7322
7.02	35.9111
7.022	35.7635
7.024	35.9279
7.026	36.0157
7.028	36.146
7.03	35.9485
7.032	36.0873
7.034	35.7354
7.036	35.8468
7.038	35.5904
7.04	35.7233
7.042	35.599
7.044	35.7819
7.046	35.6266
7.048	35.955
7.05	35.8588
7.052	35.8556
7.054	35.4833
7.056	35.6684
7.058	35.3612
7.06	35.4566
7.062	35.2887
7.064	35.6229
7.066	35.5575
7.068	35.7287
7.07	35.5553
7.072	35.678
7.074	35.3057
7.076	35.4003
7.078	35.0285
7.08	35.3904
7.082	35.1518
7.084	35.3153
7.086	35.2101
7.088	35.5842
7.09	35.2356
7.092	35.4816
7.094	35.1759
7.096	35.1783
7.098	34.9164
7.1	35.0117
7.102	35.0121
7.104	35.2157
7.106	35.0667
7.108	35.3295
7.11	35.0812
7.112	35.144
7.114	34.8327
7.116	34.8777
7.118	34.6678
7.12	34.9575
7.122	34.8479
7.124	35.0357
7.126	34.7666
7.128	35.0963
7.13	34.8148
7.132	34.9062
7.134	34.6861
7.136	34.6873
7.138	34.4697
7.14	34.6747
7.142	34.5991
7.144	34.7529
7.146	34.5605
7.148	34.7686
7.15	34.6238
7.152	34.7584
7.154	34.4614
7.156	34.5405
7.158	34.3104
7.16	34.4542
7.162	34.307
7.164	34.6348
7.166	34.5055
7.168	34.6397
7.17	34.6335
7.172	34.5353
7.174	34.2863
7.176	34.2849
7.178	34.127
7.18	34.2134
7.182	34.2521
7.184	34.2747
7.186	34.1912
7.188	34.4893
7.19	34.3429
7.192	34.2051
7.194	34.0691
7.196	34.0979
7.198	33.8298
7.2	33.9949
7.202	33.987
7.204	34.1232
7.206	34.0139
7.208	34.2633
7.21	34.0433
7.212	34.1323
7.214	33.8728
7.216	33.8521
7.218	33.5817
7.22	33.887
7.222	33.78
7.224	33.9562
7.226	33.8623
7.228	34.1456
7.23	33.8498
7.232	33.8628
7.234	33.6626
7.236	33.7984
7.238	33.4384
7.24	33.6734
7.242	33.6152
7.244	33.7295
7.246	33.7032
7.248	33.7967
7.25	33.5977
7.252	33.5479
7.254	33.4734
7.256	33.5656
7.258	33.2829
7.26	33.3739
7.262	33.2839
7.264	33.4314
7.266	33.5249
7.268	33.5282
7.27	33.5295
7.272	33.4333
7.274	33.1963
7.276	33.3396
7.278	33.0971
7.28	33.1364
7.282	33.1813
7.284	33.2701
7.286	33.1519
7.288	33.2893
7.29	33.2691
7.292	33.3016
7.294	33.0039
7.296	32.9886
7.298	32.9145
7.3	33.0806
7.302	32.9579
7.304	33.0921
7.306	33.049
7.308	33.1175
7.31	32.9221
7.312	33.0633
7.314	32.7289
7.316	32.8333
7.318	32.5848
7.32	32.7481
7.322	32.5745
7.324	32.8378
7.326	32.7394
7.328	32.8263
7.33	32.7783
7.332	32.8865
7.334	32.6025
7.336	32.5925
7.338	32.4059
7.34	32.5859
7.342	32.4778
7.344	32.6555
7.346	32.4917
7.348	32.6401
7.35	32.6402
7.352	32.727
7.354	32.5479
7.356	32.5215
7.358	32.3738
7.36	32.3591
7.362	32.2731
7.364	32.4389
7.366	32.3126
7.368	32.497
7.37	32.3937
7.372	32.3688
7.374	32.188
7.376	32.2169
7.378	32.0756
7.38	32.1575
7.382	32.1038
7.384	32.124
7.386	32.1278
7.388	32.3415
7.39	32.249
7.392	32.2035
7.394	31.9693
7.396	32.1539
7.398	31.8548
7.4	31.9778
7.402	31.9926
7.404	32.0382
7.406	31.9498
7.408	32.1674
7.41	32.0052
7.412	32.1846
7.414	31.7607
7.416	31.8547
7.418	31.6672
7.42	31.8543
7.422	31.766
7.424	31.9173
7.426	31.8658
7.428	31.8723
7.43	31.8564
7.432	31.959
7.434	31.7994
7.436	31.7856
7.438	31.4833
7.44	31.6179
7.442	31.4528
7.444	31.6104
7.446	31.6014
7.448	31.8539
7.45	31.651
7.452	31.7332
7.454	31.4429
7.456	31.6288
7.458	31.3366
7.46	31.4434
7.462	31.3568
7.464	31.5506
7.466	31.46
7.468	31.5567
7.47	31.5735
7.472	31.5954
7.474	31.1642
7.476	31.4141
7.478	31.207
7.48	31.3219
7.482	31.1488
7.484	31.3713
7.486	31.178
7.488	31.392
7.49	31.1885
7.492	31.1476
7.494	31.0819
7.496	31.1154
7.498	30.974
7.5	31.007
7.502	30.9248
7.504	31.1318
7.506	31.0121
7.508	31.2113
7.51	31.1357
7.512	31.1527
7.514	30.8462
7.516	31.0069
7.518	30.8589
7.52	30.992
7.522	30.7981
7.524	30.9637
7.526	30.9356
7.528	30.9407
7.53	31.0109
7.532	30.944
7.534	30.7772
7.536	30.9394
7.538	30.7762
7.54	30.6228
7.542	30.6535
7.544	30.8594
7.546	30.8149
7.548	30.8434
7.55	30.852
7.552	30.8727
7.554	30.716
7.556	30.7235
7.558	30.5022
7.56	30.5534
7.562	30.4966
7.564	30.6558
7.566	30.6116
7.568	30.6281
7.57	30.6342
7.572	30.5999
7.574	30.4206
7.576	30.6143
7.578	30.3661
7.58	30.4185
7.582	30.2047
7.584	30.4668
7.586	30.2999
7.588	30.4474
7.59	30.4425
7.592	30.4611
7.594	30.2066
7.596	30.2806
7.598	30.154
7.6	30.2096
7.602	30.1287
7.604	30.3238
7.606	30.2356
7.608	30.2969
7.61	30.1506
7.612	30.3316
7.614	30.0284
7.616	30.1625
7.618	30.029
7.62	29.9675
7.622	29.877
7.624	30.098
7.626	29.9901
7.628	30.1624
7.63	30.1663
7.632	30.1158
7.634	29.866
7.636	29.9488
7.638	29.7848
7.64	29.8177
7.642	29.8019
7.644	29.9841
7.646	29.9086
7.648	29.9477
7.65	29.9444
7.652	29.8248
7.654	29.6868
7.656	29.894
7.658	29.7622
7.66	29.691
7.662	29.619
7.664	29.952
7.666	29.6611
7.668	29.7882
7.67	29.7983
7.672	29.8197
7.674	29.5426
7.676	29.607
7.678	29.4858
7.68	29.547
7.682	29.5603
7.684	29.723
7.686	29.4705
7.688	29.6931
7.69	29.7143
7.692	29.5708
7.694	29.3861
7.696	29.6274
7.698	29.4365
7.7	29.2958
7.702	29.2316
7.704	29.4662
7.706	29.4677
7.708	29.6122
7.71	29.4113
7.712	29.5326
7.714	29.232
7.716	29.3582
7.718	29.2617
7.72	29.3617
7.722	29.0525
7.724	29.2427
7.726	29.2848
7.728	29.3881
7.73	29.3454
7.732	29.3364
7.734	29.0887
7.736	29.1446
7.738	29.0236
7.74	29.1157
7.742	28.9859
7.744	29.1371
7.746	29.0011
7.748	29.1877
7.75	29.1165
7.752	29.1444
7.754	28.917
7.756	29.0208
7.758	28.8853
7.76	28.8796
7.762	28.7513
7.764	28.9894
7.766	28.8582
7.768	28.9063
7.77	28.8741
7.772	29.1281
7.774	28.8517
7.776	28.8281
7.778	28.7975
7.78	28.7642
7.782	28.67
7.784	28.8305
7.786	28.7343
7.788	28.842
7.79	28.884
7.792	28.9214
7.794	28.6734
7.796	28.6095
7.798	28.6061
7.8	28.6286
7.802	28.4751
7.804	28.7223
7.806	28.5618
7.808	28.5802
7.81	28.6045
7.812	28.7714
7.814	28.5925
7.816	28.5971
7.818	28.3657
7.82	28.4927
7.822	28.4869
7.824	28.5577
7.826	28.4855
7.828	28.5899
7.83	28.5005
7.832	28.6349
7.834	28.2735
7.836	28.3133
7.838	28.2387
7.84	28.2563
7.842	28.1566
7.844	28.3445
7.846	28.3443
7.848	28.2967
7.85	28.4779
7.852	28.4832
7.854	28.2661
7.856	28.2872
7.858	28.2105
7.86	28.3773
7.862	28.0252
7.864	28.298
7.866	28.2812
7.868	28.2245
7.87	28.1098
7.872	28.256
7.874	28.1461
7.876	28.2389
7.878	27.9054
7.88	28.0364
7.882	27.8531
7.884	28.1685
7.886	28.0981
7.888	28.1382
7.89	28.047
7.892	28.1414
7.894	27.9039
7.896	27.8678
7.898	27.9528
7.9	27.8882
7.902	27.7719
7.904	27.9582
7.906	27.8309
7.908	28.0053
7.91	27.8289
7.912	27.9994
7.914	27.7502
7.916	27.8499
7.918	27.6356
7.92	27.7096
7.922	27.6768
7.924	27.7286
7.926	27.7363
7.928	27.7736
7.93	27.7991
7.932	27.9763
7.934	27.5865
7.936	27.5969
7.938	27.5909
7.94	27.6544
7.942	27.4904
7.944	27.6404
7.946	27.6506
7.948	27.6043
7.95	27.6662
7.952	27.7515
7.954	27.4507
7.956	27.4876
7.958	27.3596
7.96	27.4749
7.962	27.327
7.964	27.4854
7.966	27.4144
7.968	27.4151
7.97	27.4137
7.972	27.541
7.974	27.4076
7.976	27.2653
7.978	27.2206
7.98	27.3776
7.982	27.2155
7.984	27.283
7.986	27.2218
7.988	27.3032
7.99	27.2059
7.992	27.3437
7.994	27.1122
7.996	27.2353
7.998	27.0882
8	27.1118
8.002	27.0408
8.004	27.1484
8.006	27.0699
8.008	27.3082
8.01	27.075
8.012	27.2476
8.014	27.0679
8.016	27.001
8.018	26.9531
8.02	27.03
8.022	26.8615
8.024	27.0908
8.026	26.9895
8.028	27.0349
8.03	26.9876
8.032	27.0874
8.034	27.0116
8.036	26.887
8.038	26.9564
8.04	26.9242
8.042	26.7209
8.044	26.8074
8.046	26.899
8.048	26.8663
8.05	26.9041
8.052	27.0179
8.054	26.7708
8.056	26.8158
8.058	26.7255
8.06	26.7981
8.062	26.5779
8.064	26.6693
8.066	26.7536
8.068	26.7059
8.07	26.7799
8.072	26.777
8.074	26.7285
8.076	26.7431
8.078	26.6757
8.08	26.6254
8.082	26.5285
8.084	26.536
8.086	26.6634
8.088	26.5818
8.09	26.6648
8.092	26.7143
8.094	26.622
8.096	26.4745
8.098	26.509
8.1	26.4108
8.102	26.3831
8.104	26.5757
8.106	26.5619
8.108	26.5322
8.11	26.5694
8.112	26.6789
8.114	26.4438
8.116	26.4266
8.118	26.3938
8.12	26.399
8.122	26.1511
8.124	26.2783
8.126	26.4291
8.128	26.4152
8.13	26.315
8.132	26.4853
8.134	26.2459
8.136	26.281
8.138	26.2185
8.14	26.251
8.142	26.061
8.144	26.1493
8.146	26.2131
8.148	26.2428
8.15	26.2996
8.152	26.3677
8.154	26.2217
8.156	26.0404
8.158	26.1136
8.16	26.185
8.162	25.9435
8.164	26.1595
8.166	26.2022
8.168	26.2145
8.17	26.1638
8.172	26.1666
8.174	26.0814
8.176	26.0194
8.178	26.0081
8.18	26.035
8.182	25.928
8.184	25.7966
8.186	25.9929
8.188	26.0509
8.19	25.9579
8.192	26.0832
8.194	25.8769
8.196	25.9025
8.198	25.7788
8.2	25.807
8.202	25.6698
8.204	25.838
8.206	26.0488
8.208	25.7521
8.21	25.7229
8.212	25.9801
8.214	25.9081
8.216	25.7545
8.218	25.7145
8.22	25.6881
8.222	25.6664
8.224	25.6094
8.226	25.6394
8.228	25.6679
8.23	25.7123
8.232	25.7716
8.234	25.6662
8.236	25.528
8.238	25.456
8.24	25.5064
8.242	25.3663
8.244	25.4764
8.246	25.6708
8.248	25.5499
8.25	25.5667
8.252	25.6367
8.254	25.5578
8.256	25.4437
8.258	25.386
8.26	25.4388
8.262	25.2069
8.264	25.3344
8.266	25.483
8.268	25.3811
8.27	25.5225
8.272	25.5514
8.274	25.4701
8.276	25.3216
8.278	25.4656
8.28	25.4146
8.282	25.2145
8.284	25.4098
8.286	25.4133
8.288	25.3307
8.29	25.4099
8.292	25.4357
8.294	25.402
8.296	25.2369
8.298	25.1686
8.3	25.1675
8.302	25.0818
8.304	25.2282
8.306	25.3094
8.308	25.1889
8.31	25.259
8.312	25.2968
8.314	25.2454
8.316	25.0813
8.318	25.0478
8.32	24.9502
8.322	25.0024
8.324	24.9381
8.326	25.1053
8.328	25.01
8.33	25.1088
8.332	25.1829
8.334	25.0589
8.336	24.8737
8.338	24.8544
8.34	24.8526
8.342	24.7253
8.344	24.9146
8.346	25.0341
8.348	24.8953
8.35	24.8752
8.352	25.0037
8.354	24.9227
8.356	24.7484
8.358	24.8494
8.36	24.6848
8.362	24.5251
8.364	24.9273
8.366	24.8515
8.368	24.777
8.37	24.9338
8.372	24.9699
8.374	24.7716
8.376	24.6752
8.378	24.6771
8.38	24.7351
8.382	24.5854
8.384	24.6816
8.386	24.8051
8.388	24.6711
8.39	24.7995
8.392	24.7722
8.394	24.639
8.396	24.5138
8.398	24.665
8.4	24.5295
8.402	24.5131
8.404	24.5199
8.406	24.5849
8.408	24.5345
8.41	24.697
8.412	24.6444
8.414	24.5969
8.416	24.4745
8.418	24.5411
8.42	24.3763
8.422	24.2708
8.424	24.343
8.426	24.4189
8.428	24.3388
8.43	24.4601
8.432	24.4942
8.434	24.4704
8.436	24.3677
8.438	24.4773
8.44	24.2989
8.442	24.2631
8.444	24.1894
8.446	24.4237
8.448	24.2617
8.45	24.3724
8.452	24.472
8.454	24.3279
8.456	24.1489
8.458	24.3298
8.46	24.2363
8.462	24.0392
8.464	24.2051
8.466	24.2752
8.468	24.2933
8.47	24.3291
8.472	24.1905
8.474	24.2729
8.476	24.077
8.478	24.2189
8.48	24.042
8.482	23.9559
8.484	24.0383
8.486	24.1277
8.488	24.1315
8.49	24.1348
8.492	24.1455
8.494	24.159
8.496	23.9638
8.498	24.0021
8.5	24.0166
8.502	23.8883
8.504	23.9166
8.506	24.094
8.508	23.9873
8.51	24.0698
8.512	24.0597
8.514	23.9175
8.516	23.879
8.518	23.9547
8.52	23.6969
8.522	23.7588
8.524	23.8359
8.526	23.9772
8.528	23.8213
8.53	24.0091
8.532	23.951
8.534	23.914
8.536	23.7751
8.538	23.8069
8.54	23.694
8.542	23.7434
8.544	23.717
8.546	23.7365
8.548	23.7565
8.55	23.92
8.552	23.7823
8.554	23.7574
8.556	23.6375
8.558	23.676
8.56	23.5706
8.562	23.4088
8.564	23.6197
8.566	23.6993
8.568	23.5743
8.57	23.7872
8.572	23.7737
8.574	23.7413
8.576	23.5551
8.578	23.5665
8.58	23.4223
8.582	23.3696
8.584	23.4575
8.586	23.5166
8.588	23.616
8.59	23.8236
8.592	23.5924
8.594	23.628
8.596	23.5493
8.598	23.5541
8.6	23.4131
8.602	23.4154
8.604	23.3404
8.606	23.4854
8.608	23.4241
8.61	23.475
8.612	23.6207
8.614	23.4214
8.616	23.2119
8.618	23.2755
8.62	23.1578
8.622	23.1512
8.624	23.2241
8.626	23.2951
8.628	23.2853
8.63	23.427
8.632	23.3667
8.634	23.3762
8.636	23.3431
8.638	23.2331
8.64	23.1507
8.642	23.0695
8.644	23.1525
8.646	23.2339
8.648	23.1271
8.65	23.253
8.652	23.2721
8.654	23.2252
8.656	23.1881
8.658	23.1458
8.66	23.0459
8.662	22.9921
8.664	23.0464
8.666	23.1032
8.668	22.9724
8.67	23.2053
8.672	23.161
8.674	23.0757
8.676	22.9502
8.678	23.0348
8.68	22.8384
8.682	22.9096
8.684	22.8477
8.686	23.0042
8.688	22.9401
8.69	23.088
8.692	23.063
8.694	22.9673
8.696	22.9138
8.698	23.0241
8.7	22.6527
8.702	22.7631
8.704	22.7955
8.706	22.8912
8.708	22.8701
8.71	23.0109
8.712	22.9716
8.714	22.8101
8.716	22.8188
8.718	22.8462
8.72	22.6898
8.722	22.5859
8.724	22.7637
8.726	22.7647
8.728	22.7606
8.73	22.9629
8.732	22.8043
8.734	22.8243
8.736	22.7503
8.738	22.6234
8.74	22.5062
8.742	22.6005
8.744	22.5969
8.746	22.6503
8.748	22.5935
8.75	22.8313
8.752	22.8103
8.754	22.6753
8.756	22.5373
8.758	22.6402
8.76	22.5048
8.762	22.4782
8.764	22.5959
8.766	22.5487
8.768	22.5719
8.77	22.8286
8.772	22.6569
8.774	22.4814
8.776	22.5218
8.778	22.5577
8.78	22.3608
8.782	22.3653
8.784	22.521
8.786	22.4507
8.788	22.505
8.79	22.6414
8.792	22.5262
8.794	22.4023
8.796	22.3399
8.798	22.3164
8.8	22.2599
8.802	22.1785
8.804	22.3441
8.806	22.3509
8.808	22.3803
8.81	22.5652
8.812	22.4311
8.814	22.352
8.816	22.2126
8.818	22.4698
8.82	22.146
8.822	22.1976
8.824	22.2768
8.826	22.2236
8.828	22.0722
8.83	22.2986
8.832	22.2968
8.834	22.1853
8.836	22.2511
8.838	22.1988
8.84	21.9534
8.842	22.0691
8.844	22.1324
8.846	22.1183
8.848	22.1365
8.85	22.3613
8.852	22.2666
8.854	22.1335
8.856	22.1286
8.858	22.01
8.86	21.8895
8.862	21.9294
8.864	22.0501
8.866	22.0722
8.868	21.9775
8.87	22.1734
8.872	22.0609
8.874	22.1171
8.876	22.0462
8.878	21.8863
8.88	21.7564
8.882	21.748
8.884	21.8509
8.886	21.9709
8.888	21.929
8.89	22.0975
8.892	22.0296
8.894	21.8417
8.896	21.8786
8.898	21.7954
8.9	21.6822
8.902	21.7761
8.904	21.772
8.906	21.7633
8.908	21.7962
8.91	21.8643
8.912	21.8711
8.914	21.7399
8.916	21.7715
8.918	21.816
8.92	21.4567
8.922	21.5854
8.924	21.7018
8.926	21.7949
8.928	21.6601
8.93	21.8616
8.932	21.8451
8.934	21.648
8.936	21.7503
8.938	21.6387
8.94	21.454
8.942	21.4778
8.944	21.5694
8.946	21.6648
8.948	21.5333
8.95	21.775
8.952	21.7012
8.954	21.5844
8.956	21.6024
8.958	21.5712
8.96	21.3404
8.962	21.4141
8.964	21.5718
8.966	21.4845
8.968	21.5571
8.97	21.6884
8.972	21.6985
8.974	21.4473
8.976	21.5029
8.978	21.4891
8.98	21.2693
8.982	21.348
8.984	21.4091
8.986	21.3631
8.988	21.4824
8.99	21.5459
8.992	21.6302
8.994	21.3391
8.996	21.3953
8.998	21.3526
9	21.1664
9.002	21.2125
9.004	21.3718
9.006	21.2113
9.008	21.2447
9.01	21.5372
9.012	21.415
9.014	21.2032
9.016	21.2835
9.018	21.152
9.02	21.1131
9.022	21.0126
9.024	21.2363
9.026	21.2238
9.028	21.2308
9.03	21.3664
9.032	21.3211
9.034	21.1616
9.036	21.2908
9.038	21.0783
9.04	20.9253
9.042	21.0196
9.044	21.1772
9.046	21.1227
9.048	21.0838
9.05	21.2996
9.052	21.1635
9.054	20.9804
9.056	21.0144
9.058	21.0454
9.06	20.8568
9.062	20.9025
9.064	20.9928
9.066	21.1059
9.068	21.0596
9.07	21.1777
9.072	21.134
9.074	20.9309
9.076	21.0006
9.078	20.9903
9.08	20.8215
9.082	20.9329
9.084	20.9635
9.086	21.0325
9.088	21.0133
9.09	21.1671
9.092	21.1669
9.094	20.9476
9.096	20.8645
9.098	20.8849
9.1	20.8043
9.102	20.7728
9.104	20.8457
9.106	20.8324
9.108	20.7659
9.11	20.9851
9.112	20.9184
9.114	20.7893
9.116	20.8334
9.118	20.7015
9.12	20.5513
9.122	20.6669
9.124	20.8215
9.126	20.7624
9.128	20.8365
9.13	20.8947
9.132	20.8131
9.134	20.6734
9.136	20.6732
9.138	20.5449
9.14	20.4846
9.142	20.584
9.144	20.7642
9.146	20.6002
9.148	20.6833
9.15	20.8616
9.152	20.8166
9.154	20.6111
9.156	20.5497
9.158	20.5581
9.16	20.4414
9.162	20.4214
9.164	20.5522
9.166	20.5628
9.168	20.5236
9.17	20.689
9.172	20.6083
9.174	20.5115
9.176	20.4225
9.178	20.4446
9.18	20.2338
9.182	20.2912
9.184	20.5159
9.186	20.3737
9.188	20.4681
9.19	20.619
9.192	20.5885
9.194	20.3867
9.196	20.4974
9.198	20.3294
9.2	20.2471
9.202	20.2042
9.204	20.3325
9.206	20.3722
9.208	20.4913
9.21	20.4369
9.212	20.4725
9.214	20.3117
9.216	20.3722
9.218	20.4228
9.22	20.1736
9.222	20.1852
9.224	20.3353
9.226	20.2186
9.228	20.3289
9.23	20.4056
9.232	20.2733
9.234	20.2118
9.236	20.2626
9.238	20.2359
9.24	20.0646
9.242	20.0598
9.244	20.1636
9.246	20.1545
9.248	20.2615
9.25	20.2801
9.252	20.2324
9.254	20.1517
9.256	20.1185
9.258	20.0716
9.26	19.9373
9.262	19.9831
9.264	20.0507
9.266	20.0554
9.268	20.1735
9.27	20.2486
9.272	20.1454
9.274	19.9741
9.276	20.0752
9.278	19.9971
9.28	19.9674
9.282	19.8762
9.284	19.9218
9.286	19.8819
9.288	20.0941
9.29	20.192
9.292	20.1148
9.294	19.9597
9.296	19.9637
9.298	19.9776
9.3	19.8469
9.302	19.7754
9.304	19.9787
9.306	19.9025
9.308	19.9416
9.31	19.9977
9.312	19.9874
9.314	19.817
9.316	19.9341
9.318	19.8113
9.32	19.7821
9.322	19.7973
9.324	19.8112
9.326	19.8239
9.328	19.8511
9.33	19.9883
9.332	19.9781
9.334	19.8783
9.336	19.7285
9.338	19.7398
9.34	19.5488
9.342	19.5635
9.344	19.6307
9.346	19.7186
9.348	19.7654
9.35	19.9116
9.352	19.8938
9.354	19.7921
9.356	19.8038
9.358	19.7286
9.36	19.5223
9.362	19.5255
9.364	19.6009
9.366	19.5793
9.368	19.7209
9.37	19.72
9.372	19.6456
9.374	19.709
9.376	19.6608
9.378	19.5541
9.38	19.4472
9.382	19.4436
9.384	19.6221
9.386	19.5548
9.388	19.6973
9.39	19.7561
9.392	19.6756
9.394	19.5628
9.396	19.4477
9.398	19.4611
9.4	19.4515
9.402	19.3974
9.404	19.5905
9.406	19.5
9.408	19.5532
9.41	19.6182
9.412	19.6584
9.414	19.4318
9.416	19.4372
9.418	19.4311
9.42	19.2363
9.422	19.3003
9.424	19.4194
9.426	19.33
9.428	19.3812
9.43	19.4575
9.432	19.386
9.434	19.3952
9.436	19.3542
9.438	19.3632
9.44	19.3253
9.442	19.2599
9.444	19.3498
9.446	19.3151
9.448	19.3846
9.45	19.5382
9.452	19.3767
9.454	19.2814
9.456	19.2988
9.458	19.2575
9.46	19.1493
9.462	19.1825
9.464	19.2091
9.466	19.2375
9.468	19.2042
9.47	19.3645
9.472	19.3128
9.474	19.2057
9.476	19.256
9.478	19.1111
9.48	19.1449
9.482	19.2053
9.484	19.0941
9.486	19.1377
9.488	19.1869
9.49	19.3587
9.492	19.2463
9.494	19.1988
9.496	19.0591
9.498	19.0105
9.5	18.9113
9.502	19.1423
9.504	19.0951
9.506	19.1455
9.508	19.2225
9.51	19.2539
9.512	19.1161
9.514	19.1847
9.516	19.0939
9.518	19.02
9.52	18.9101
9.522	19.0288
9.524	19.0025
9.526	19.1687
9.528	19.0633
9.53	19.2506
9.532	18.9998
9.534	19.023
9.536	18.9208
9.538	18.9117
9.54	18.7658
9.542	18.8808
9.544	18.97
9.546	18.8805
9.548	18.9793
9.55	19.1404
9.552	18.9714
9.554	18.9111
9.556	18.8988
9.558	18.7882
9.56	18.7185
9.562	18.6741
9.564	18.8061
9.566	18.8282
9.568	18.8839
9.57	18.9158
9.572	18.8838
9.574	18.8517
9.576	18.713
9.578	18.7207
9.58	18.5768
9.582	18.7368
9.584	18.6405
9.586	18.7877
9.588	18.8255
9.59	19.0109
9.592	18.7161
9.594	18.8843
9.596	18.6647
9.598	18.761
9.6	18.4373
9.602	18.6565
9.604	18.6532
9.606	18.6691
9.608	18.6579
9.61	18.7654
9.612	18.8522
9.614	18.6306
9.616	18.6786
9.618	18.5678
9.62	18.4882
9.622	18.5849
9.624	18.5476
9.626	18.527
9.628	18.688
9.63	18.8244
9.632	18.6546
9.634	18.628
9.636	18.6392
9.638	18.5078
9.64	18.4038
9.642	18.4536
9.644	18.4423
9.646	18.4608
9.648	18.5989
9.65	18.6175
9.652	18.6
9.654	18.5781
9.656	18.4852
9.658	18.4718
9.66	18.3854
9.662	18.3467
9.664	18.3929
9.666	18.5224
9.668	18.6541
9.67	18.609
9.672	18.5076
9.674	18.6344
9.676	18.5686
9.678	18.3976
9.68	18.2868
9.682	18.3143
9.684	18.2753
9.686	18.3001
9.688	18.3956
9.69	18.5881
9.692	18.3769
9.694	18.5108
9.696	18.3054
9.698	18.3503
9.7	18.1944
9.702	18.2883
9.704	18.3071
9.706	18.3226
9.708	18.3383
9.71	18.5192
9.712	18.4773
9.714	18.3714
9.716	18.2491
9.718	18.2781
9.72	18.0767
9.722	18.2096
9.724	18.1288
9.726	18.2313
9.728	18.2699
9.73	18.5131
9.732	18.2525
9.734	18.2752
9.736	18.1489
9.738	18.1683
9.74	17.9859
9.742	18.0663
9.744	18.0322
9.746	18.152
9.748	18.1497
9.75	18.3396
9.752	18.3126
9.754	18.3172
9.756	18.1416
9.758	18.1618
9.76	17.9674
9.762	17.8483
9.764	17.9397
9.766	18.0592
9.768	18.152
9.77	18.2457
9.772	18.0871
9.774	18.138
9.776	18.0809
9.778	18.0312
9.78	17.7954
9.782	17.9266
9.784	17.9876
9.786	17.9339
9.788	18.098
9.79	18.2508
9.792	18.1253
9.794	18.1397
9.796	18.0527
9.798	17.8942
9.8	17.7514
9.802	17.8956
9.804	17.8891
9.806	17.9287
9.808	17.9636
9.81	18.0674
9.812	18.008
9.814	18.0145
9.816	17.8926
9.818	17.8781
9.82	17.6589
9.822	17.6755
9.824	17.7971
9.826	17.7755
9.828	17.7978
9.83	17.9838
9.832	17.7967
9.834	17.8354
9.836	17.7912
9.838	17.7912
9.84	17.4516
9.842	17.6894
9.844	17.5538
9.846	17.6707
9.848	17.656
9.85	17.8499
9.852	17.849
9.854	17.7304
9.856	17.7182
9.858	17.6723
9.86	17.4368
9.862	17.5381
9.864	17.555
9.866	17.6962
9.868	17.7362
9.87	17.9127
9.872	17.6851
9.874	17.7204
9.876	17.6889
9.878	17.6326
9.88	17.3723
9.882	17.5353
9.884	17.5127
9.886	17.559
9.888	17.6026
9.89	17.7645
9.892	17.5823
9.894	17.6446
9.896	17.4743
9.898	17.4384
9.9	17.361
9.902	17.4264
9.904	17.4915
9.906	17.5172
9.908	17.5561
9.91	17.6469
9.912	17.6221
9.914	17.5948
9.916	17.3838
9.918	17.3166
9.92	17.1549
9.922	17.3524
9.924	17.307
9.926	17.5121
9.928	17.4045
9.93	17.6872
9.932	17.5416
9.934	17.6255
9.936	17.4477
9.938	17.3614
9.94	17.1837
9.942	17.3493
9.944	17.3082
9.946	17.4702
9.948	17.4767
9.95	17.6844
9.952	17.4485
9.954	17.4591
9.956	17.2497
9.958	17.4023
9.96	17.1239
9.962	17.2844
9.964	17.1591
9.966	17.4641
9.968	17.3622
9.97	17.5457
9.972	17.4268
9.974	17.4036
9.976	17.2169
9.978	17.2754
9.98	17.0042
9.982	17.1218
9.984	17.1849
9.986	17.2887
9.988	17.3282
9.99	17.5385
9.992	17.2846
9.994	17.3682
9.996	17.0515
9.998	17.1911
10	17.0013
10.002	17.0398
10.004	17.0649
10.006	17.2717
10.008	17.1695
10.01	17.3072
10.012	17.2869
10.014	17.2739
10.016	17.1036
10.018	17.0505
10.02	16.8706
10.022	17.0195
10.024	17.0042
10.026	17.1839
10.028	17.0524
10.03	17.3338
10.032	17.1912
10.034	17.104
10.036	17.0851
10.038	17.0639
10.04	16.7223
10.042	16.9506
10.044	16.9396
10.046	17.1502
10.048	17.0727
10.05	17.3341
10.052	17.1839
10.054	17.1879
10.056	16.983
10.058	16.9522
10.06	16.7522
10.062	16.8286
10.064	16.9107
10.066	17.0679
10.068	16.954
10.07	17.264
10.072	17.0229
10.074	17.1188
10.076	16.8982
10.078	16.9054
10.08	16.6463
10.082	16.7712
10.084	16.8583
10.086	16.9379
10.088	16.8541
10.09	17.1444
10.092	17.0688
10.094	16.9971
10.096	16.8418
10.098	16.7817
10.1	16.4711
10.102	16.7206
10.104	16.6898
10.106	16.9185
10.108	16.8081
10.11	17.0897
10.112	16.9434
10.114	16.9814
10.116	16.7516
10.118	16.7641
10.12	16.468
10.122	16.6664
10.124	16.552
10.126	16.8366
10.128	16.8009
10.13	17.0129
10.132	16.859
10.134	16.8656
10.136	16.6301
10.138	16.7148
10.14	16.54
10.142	16.5412
10.144	16.7178
10.146	16.7351
10.148	16.7014
10.15	16.9779
10.152	16.7168
10.154	16.7212
10.156	16.6228
10.158	16.6871
10.16	16.419
10.162	16.5005
10.164	16.5013
10.166	16.5681
10.168	16.6604
10.17	16.8798
10.172	16.8169
10.174	16.6648
10.176	16.514
10.178	16.5759
10.18	16.3164
10.182	16.4523
10.184	16.4884
10.186	16.6423
10.188	16.6425
10.19	16.9047
10.192	16.7109
10.194	16.6502
10.196	16.5916
10.198	16.6352
10.2	16.3728
10.202	16.4968
10.204	16.4202
10.206	16.5811
10.208	16.5932
10.21	16.8128
10.212	16.742
10.214	16.6768
10.216	16.4419
10.218	16.5597
10.22	16.3129
10.222	16.315
10.224	16.3711
10.226	16.5242
10.228	16.609
10.23	16.6639
10.232	16.6499
10.234	16.5877
10.236	16.3529
10.238	16.3193
10.24	16.2312
10.242	16.3534
10.244	16.304
10.246	16.4568
10.248	16.4571
10.25	16.6583
10.252	16.4508
10.254	16.46
10.256	16.4068
10.258	16.3667
10.26	16.0592
10.262	16.3088
10.264	16.1657
10.266	16.3931
10.268	16.2123
10.27	16.5493
10.272	16.459
10.274	16.3344
10.276	16.1885
10.278	16.2488
10.28	16.0063
10.282	16.0523
10.284	16.1462
10.286	16.3189
10.288	16.3232
10.29	16.4224
10.292	16.3587
10.294	16.2594
10.296	16.135
10.298	16.2121
10.3	15.8731
10.302	16.0342
10.304	16.0922
10.306	16.1421
10.308	16.2717
10.31	16.4216
10.312	16.3309
10.314	16.2046
10.316	16.2306
10.318	16.2554
10.32	15.957
10.322	16.0862
10.324	16.0977
10.326	16.1364
10.328	16.2026
10.33	16.412
10.332	16.2447
10.334	16.2476
10.336	16.0572
10.338	16.0334
10.34	15.8691
10.342	15.9524
10.344	15.894
10.346	15.972
10.348	16.0963
10.35	16.3446
10.352	16.1442
10.354	16.1416
10.356	15.9361
10.358	15.9122
10.36	15.7847
10.362	15.8703
10.364	15.906
10.366	16.132
10.368	16.0661
10.37	16.2472
10.372	16.1531
10.374	16.0793
10.376	15.9279
10.378	16.0135
10.38	15.6285
10.382	15.8557
10.384	15.9576
10.386	16.0014
10.388	16.0638
10.39	16.1538
10.392	16.0698
10.394	15.9829
10.396	15.8793
10.398	15.9409
10.4	15.5908
10.402	15.7097
10.404	15.8548
10.406	15.8774
10.408	15.88
10.41	16.0286
10.412	15.9844
10.414	15.9033
10.416	15.7787
10.418	15.85
10.42	15.6238
10.422	15.7002
10.424	15.7185
10.426	15.8394
10.428	15.877
10.43	16.0926
10.432	16.0395
10.434	15.8958
10.436	15.9147
10.438	15.7772
10.44	15.4758
10.442	15.5597
10.444	15.742
10.446	15.9009
10.448	15.8786
10.45	16.0558
10.452	15.8712
10.454	15.8234
10.456	15.6489
10.458	15.6304
10.46	15.4378
10.462	15.6202
10.464	15.6619
10.466	15.8352
10.468	15.8064
10.47	15.9617
10.472	15.9159
10.474	15.9004
10.476	15.728
10.478	15.7237
10.48	15.5144
10.482	15.653
10.484	15.6169
10.486	15.6553
10.488	15.8372
10.49	16.0457
10.492	15.8655
10.494	15.7146
10.496	15.7113
10.498	15.6468
10.5	15.4593
10.502	15.597
10.504	15.7056
10.506	15.6779
10.508	15.7496
10.51	15.8812
10.512	15.7486
10.514	15.7643
10.516	15.5788
10.518	15.6276
10.52	15.4016
10.522	15.4702
10.524	15.5607
10.526	15.7522
10.528	15.8182
10.53	15.9279
10.532	15.7373
10.534	15.6359
10.536	15.6216
10.538	15.4508
10.54	15.3184
10.542	15.3129
10.544	15.5051
10.546	15.6302
10.548	15.7061
10.55	15.8507
10.552	15.7195
10.554	15.6129
10.556	15.5516
10.558	15.5391
10.56	15.2798
10.562	15.3249
10.564	15.4257
10.566	15.4997
10.568	15.6441
10.57	15.6987
10.572	15.6339
10.574	15.5654
10.576	15.5634
10.578	15.4243
10.58	15.2838
10.582	15.321
10.584	15.4196
10.586	15.4945
10.588	15.5862
10.59	15.6983
10.592	15.6285
10.594	15.5085
10.596	15.3865
10.598	15.3107
10.6	15.1909
10.602	15.2209
10.604	15.3442
10.606	15.3263
10.608	15.4245
10.61	15.4976
10.612	15.4614
10.614	15.3302
10.616	15.2986
10.618	15.3261
10.62	15.1989
10.622	15.3356
10.624	15.2388
10.626	15.3357
10.628	15.463
10.63	15.5809
10.632	15.4638
10.634	15.3432
10.636	15.2596
10.638	15.205
10.64	15.0657
10.642	15.1196
10.644	15.1819
10.646	15.3635
10.648	15.4286
10.65	15.4945
10.652	15.3628
10.654	15.2732
10.656	15.2401
10.658	15.1323
10.66	15.0281
10.662	14.9667
10.664	15.063
10.666	15.1464
10.668	15.3097
10.67	15.4065
10.672	15.3961
10.674	15.2549
10.676	15.1701
10.678	15.1699
10.68	15.0539
10.682	15.0235
10.684	15.1042
10.686	15.1376
10.688	15.3252
10.69	15.3654
10.692	15.3799
10.694	15.172
10.696	15.165
10.698	14.9893
10.7	15.0474
10.702	14.9112
10.704	15.059
10.706	15.0822
10.708	15.2147
10.71	15.2178
10.712	15.1498
10.714	15.2066
10.716	15.1214
10.718	15.0225
10.72	14.9133
10.722	14.9187
10.724	15.1109
10.726	15.1291
10.728	15.1191
10.73	15.1998
10.732	15.2334
10.734	15.1535
10.736	14.9428
10.738	14.8207
10.74	14.864
10.742	14.8162
10.744	14.9176
10.746	14.9927
10.748	15.0634
10.75	15.0602
10.752	15.1743
10.754	15.0147
10.756	14.8572
10.758	14.8491
10.76	14.8134
10.762	14.7178
10.764	14.8402
10.766	14.9805
10.768	14.9747
10.77	15.0444
10.772	15.0557
10.774	15.0698
10.776	14.8858
10.778	14.8025
10.78	14.7703
10.782	14.7568
10.784	14.7721
10.786	14.8056
10.788	15.1073
10.79	15.0214
10.792	15.1053
10.794	14.9702
10.796	14.8839
10.798	14.7545
10.8	14.8067
10.802	14.6755
10.804	14.8551
10.806	14.8782
10.808	14.9692
10.81	14.9686
10.812	14.9722
10.814	14.7454
10.816	14.7152
10.818	14.7302
10.82	14.7744
10.822	14.6589
10.824	14.7716
10.826	14.7733
10.828	14.9337
10.83	14.9387
10.832	14.8714
10.834	14.841
10.836	14.7165
10.838	14.612
10.84	14.6566
10.842	14.6493
10.844	14.5745
10.846	14.6661
10.848	14.9153
10.85	14.6947
10.852	14.7972
10.854	14.8283
10.856	14.6922
10.858	14.6383
10.86	14.5863
10.862	14.5472
10.864	14.64
10.866	14.6974
10.868	14.8991
10.87	14.7774
10.872	14.7991
10.874	14.7642
10.876	14.6917
10.878	14.6359
10.88	14.5689
10.882	14.4699
10.884	14.5477
10.886	14.6377
10.888	14.7391
10.89	14.7354
10.892	14.8437
10.894	14.7632
10.896	14.5644
10.898	14.3677
10.9	14.4196
10.902	14.3338
10.904	14.5503
10.906	14.5799
10.908	14.7
10.91	14.6742
10.912	14.681
10.914	14.5758
10.916	14.5886
10.918	14.3804
10.92	14.4653
10.922	14.4687
10.924	14.4622
10.926	14.4465
10.928	14.6874
10.93	14.5301
10.932	14.5413
10.934	14.5477
10.936	14.4531
10.938	14.2316
10.94	14.4089
10.942	14.2704
10.944	14.329
10.946	14.4526
10.948	14.5165
10.95	14.4108
10.952	14.6534
10.954	14.4621
10.956	14.5033
10.958	14.313
10.96	14.3723
10.962	14.1927
10.964	14.374
10.966	14.3137
10.968	14.5572
10.97	14.3873
10.972	14.506
10.974	14.4236
10.976	14.3174
10.978	14.2614
10.98	14.314
10.982	14.2179
10.984	14.3197
10.986	14.4116
10.988	14.6017
10.99	14.3281
10.992	14.4483
10.994	14.4606
10.996	14.427
10.998	14.1768
11	14.2448
11.002	14.2169
11.004	14.2163
11.006	14.3409
11.008	14.4618
11.01	14.3729
11.012	14.4378
11.014	14.4659
11.016	14.3348
11.018	14.1033
11.02	14.2093
11.022	14.0865
11.024	14.1067
11.026	14.3059
11.028	14.5294
11.03	14.3353
11.032	14.3733
11.034	14.353
11.036	14.2972
11.038	14.0782
11.04	14.2112
11.042	14.1136
11.044	14.0799
11.046	14.172
11.048	14.4128
11.05	14.1526
11.052	14.3162
11.054	14.2487
11.056	14.1512
11.058	14.0004
11.06	14.0594
11.062	13.9607
11.064	14.0764
11.066	14.1159
11.068	14.3354
11.07	14.2106
11.072	14.2797
11.074	14.2633
11.076	14.2483
11.078	14.0309
11.08	14.0736
11.082	13.8966
11.084	14.0512
11.086	14.0473
11.088	14.3471
11.09	14.1216
11.092	14.247
11.094	14.2422
11.096	14.0962
11.098	13.8416
11.1	14.0546
11.102	13.9685
11.104	13.9537
11.106	14.1451
11.108	14.2683
11.11	14.1282
11.112	14.1493
11.114	14.2255
11.116	13.9751
11.118	13.8836
11.12	14.0068
11.122	13.8305
11.124	13.8187
11.126	14.0651
11.128	14.1946
11.13	13.9657
11.132	14.0618
11.134	14.1844
11.136	13.9485
11.138	13.7825
11.14	13.9875
11.142	13.8512
11.144	13.7982
11.146	13.9927
11.148	14.1897
11.15	13.854
11.152	14.0993
11.154	14.0764
11.156	13.9022
11.158	13.7312
11.16	13.9396
11.162	13.7427
11.164	13.7471
11.166	13.813
11.168	14.1303
11.17	13.8658
11.172	13.975
11.174	13.9974
11.176	13.8643
11.178	22.8115
11.18	-8.95599
11.182	-8.66101
11.184	-8.45843
11.186	-8.37077
11.188	-8.02954
11.19	-8.2267
11.192	-8.12735
11.194	-8.02031
11.196	-8.08337
11.198	-8.24257
11.2	-7.96305
11.202	-8.15719
11.204	-8.17068
11.206	-7.98975
11.208	-7.73357
11.21	-7.96296
11.212	-7.80588
11.214	-7.70844
11.216	-7.83647
11.218	-7.88135
11.22	-7.70635
11.222	-7.91262
11.224	-7.84682
11.226	-7.64195
11.228	-7.42822
11.23	-7.64104
11.232	-7.51289
11.234	-7.43642
11.236	-7.5647
11.238	-7.70993
11.24	-7.51854
11.242	-7.68288
11.244	-7.6216
11.246	-7.5266
11.248	-7.34028
11.25	-7.51532
11.252	-7.40522
11.254	-7.253
11.256	-7.49863
11.258	-7.53116
11.26	-7.40413
11.262	-7.52347
11.264	-7.48003
11.266	-7.32039
11.268	-7.2836
11.27	-7.28617
11.272	-7.16379
11.274	-7.11546
11.276	-7.33045
11.278	-7.32443
11.28	-7.19907
11.282	-7.28349
11.284	-7.24566
11.286	-7.18403
11.288	-7.02744
11.29	-7.11314
11.292	-7.01263
11.294	-6.95057
11.296	-7.14678
11.298	-7.1866
11.3	-6.98965
11.302	-7.17568
11.304	-7.15121
11.306	-6.99082
11.308	-6.83054
11.31	-6.97091
11.312	-6.90455
11.314	-6.87394
11.316	-6.8608
11.318	-6.94305
11.32	-6.84557
11.322	-6.99214
11.324	-7.00352
11.326	-6.82485
11.328	-6.76278
11.33	-6.79178
11.332	-6.67517
11.334	-6.64816
11.336	-6.69839
11.338	-6.74494
11.34	-6.70787
11.342	-6.89372
11.344	-6.91069
11.346	-6.65565
11.348	-6.57682
11.35	-6.65441
11.352	-6.48088
11.354	-6.50476
11.356	-6.64765
11.358	-6.72094
11.36	-6.58896
11.362	-6.68516
11.364	-6.68136
11.366	-6.50069
11.368	-6.40915
11.37	-6.51294
11.372	-6.33437
11.374	-6.24463
11.376	-6.51839
11.378	-6.48219
11.38	-6.45031
11.382	-6.66979
11.384	-6.66931
11.386	-6.41977
11.388	-6.26923
11.39	-6.43833
11.392	-6.17462
11.394	-6.18906
11.396	-6.38428
11.398	-6.28261
