0	-0.21171
0.002	-0.240107
0.004	-0.343314
0.006	-0.412529
0.008	-0.45518
0.01	-0.378173
0.012	-0.291855
0.014	-0.400605
0.016	-0.199145
0.018	-0.159253
0.02	-0.1268
0.022	-0.335871
0.024	-0.297573
0.026	-0.262105
0.028	-0.336936
0.03	-0.453015
0.032	-0.278235
0.034	-0.442954
0.036	-0.153792
0.038	-0.0996163
0.04	-0.210824
0.042	-0.219103
0.044	-0.258946
0.046	-0.356841
0.048	-0.352169
0.05	-0.36687
0.052	-0.274036
0.054	-0.20117
0.056	-0.263596
0.058	-0.138108
0.06	-0.273214
0.062	-0.259573
0.064	-0.212638
0.066	-0.407774
0.068	-0.390997
0.07	-0.351341
0.072	-0.33782
0.074	-0.312687
0.076	-0.290316
0.078	-0.18911
0.08	-0.133191
0.082	-0.258997
0.084	-0.216632
0.086	-0.463603
0.088	-0.348895
0.09	-0.241646
0.092	-0.275891
0.094	-0.298806
0.096	-0.183716
0.098	-0.123456
0.1	-0.184858
0.102	-0.241253
0.104	-0.311987
0.106	-0.353646
0.108	-0.385033
0.11	-0.370592
0.112	-0.374879
0.114	-0.330429
0.116	-0.197832
0.118	-0.237179
0.12	-0.249131
0.122	-0.343675
0.124	-0.283446
0.126	-0.460927
0.128	-0.391303
0.13	-0.453572
0.132	-0.330277
0.134	-0.231973
0.136	-0.203436
0.138	-0.145359
0.14	-0.144793
0.142	-0.247731
0.144	-0.301417
0.146	-0.324933
0.148	-0.39124
0.15	-0.416503
0.152	-0.390332
0.154	-0.352902
0.156	-0.133289
0.158	-0.269495
0.16	-0.292017
0.162	-0.525277
0.164	-0.235037
0.166	-0.348564
0.168	-0.413653
0.17	-0.398376
0.172	-0.326328
0.174	-0.32251
0.176	-0.132907
0.178	-3.78828
0.18	9.12034
0.182	4.02497
0.184	3.27033
0.186	3.0363
0.188	3.01086
0.19	2.85189
0.192	3.05131
0.194	2.91442
0.196	3.10269
0.198	3.15215
0.2	3.20119
0.202	3.1342
0.204	2.98134
0.206	3.11138
0.208	2.94788
0.21	2.74603
0.212	3.11679
0.214	3.06252
0.216	3.15499
0.218	3.21806
0.22	3.10948
0.222	3.12324
0.224	3.1061
0.226	3.04358
0.228	2.95684
0.23	2.96248
0.232	3.10153
0.234	3.23396
0.236	3.41578
0.238	3.31426
0.24	3.31487
0.242	3.21286
0.244	3.19362
0.246	3.25798
0.248	3.17632
0.25	3.20522
0.252	3.36966
0.254	3.27524
0.256	3.4985
0.258	3.40814
0.26	3.49539
0.262	3.26817
0.264	3.39177
0.266	3.34765
0.268	3.24889
0.27	3.19461
0.272	3.37902
0.274	3.46595
0.276	3.47894
0.278	3.6041
0.28	3.58238
0.282	3.57973
0.284	3.51986
0.286	3.48647
0.288	3.38425
0.29	3.44746
0.292	3.59732
0.294	3.58116
0.296	3.69795
0.298	3.61212
0.3	3.77937
0.302	3.67832
0.304	3.75105
0.306	3.67247
0.308	3.5251
0.31	3.63805
0.312	3.80913
0.314	3.96603
0.316	3.92038
0.318	4.09036
0.32	4.08717
0.322	4.03772
0.324	4.15074
0.326	3.9219
0.328	3.84797
0.33	4.07589
0.332	4.10101
0.334	4.16242
0.336	4.15181
0.338	4.25063
0.34	4.41943
0.342	4.31324
0.344	4.488
0.346	4.31605
0.348	4.30685
0.35	4.32511
0.352	4.48843
0.354	4.55834
0.356	4.68061
0.358	4.67926
0.36	4.74162
0.362	4.67146
0.364	4.66396
0.366	4.66945
0.368	4.61648
0.37	4.76328
0.372	4.77814
0.374	4.93524
0.376	4.95316
0.378	5.18153
0.38	5.03211
0.382	5.08391
0.384	5.18976
0.386	4.89203
0.388	5.16434
0.39	5.12355
0.392	5.34807
0.394	5.32184
0.396	5.71826
0.398	5.50475
0.4	5.63475
0.402	5.48121
0.404	5.58616
0.406	5.58629
0.408	5.51809
0.41	5.54292
0.412	5.74603
0.414	5.74999
0.416	5.87206
0.418	5.85461
0.42	6.05469
0.422	6.11257
0.424	6.05297
0.426	5.97446
0.428	6.13307
0.43	6.13536
0.432	6.19782
0.434	6.30709
0.436	6.65394
0.438	6.52237
0.44	6.73055
0.442	6.836
0.444	6.67098
0.446	6.56369
0.448	6.62808
0.45	6.77487
0.452	6.88706
0.454	6.85946
0.456	7.02174
0.458	7.20568
0.46	7.31646
0.462	7.16982
0.464	7.35026
0.466	7.11312
0.468	7.23018
0.47	7.43556
0.472	7.51189
0.474	7.55298
0.476	7.72099
0.478	7.66545
0.48	7.87334
0.482	7.89729
0.484	7.86434
0.486	7.79062
0.488	7.96133
0.49	7.92498
0.492	8.24472
0.494	8.06706
0.496	8.42327
0.498	8.25746
0.5	8.53215
0.502	8.44277
0.504	8.61332
0.506	8.38342
0.508	8.49087
0.51	8.69994
0.512	8.64083
0.514	8.96022
0.516	9.17419
0.518	9.17595
0.52	9.279
0.522	9.30139
0.524	9.50876
0.526	9.48536
0.528	9.35939
0.53	9.32583
0.532	9.46188
0.534	9.56676
0.536	9.92411
0.538	9.89713
0.54	10.1034
0.542	10.0224
0.544	10.0965
0.546	10.1847
0.548	10.0948
0.55	10.1347
0.552	10.3217
0.554	10.3676
0.556	10.4827
0.558	10.5928
0.56	10.8283
0.562	10.5763
0.564	10.7291
0.566	10.8048
0.568	11.0966
0.57	10.9377
0.572	11.1169
0.574	11.1139
0.576	11.4532
0.578	11.7438
0.58	11.5184
0.582	11.9117
0.584	11.7298
0.586	11.7146
0.588	11.7725
0.59	11.6635
0.592	11.7796
0.594	11.9651
0.596	12.0988
0.598	12.1574
0.6	12.6539
0.602	12.6508
0.604	12.5273
0.606	12.5658
0.608	12.6251
0.61	12.6469
0.612	12.8276
0.614	13.0115
0.616	13.1125
0.618	13.119
0.62	13.3245
0.622	13.299
0.624	13.522
0.626	13.1719
0.628	13.5419
0.63	13.7347
0.632	13.8437
0.634	13.9285
0.636	14.0042
0.638	14.3393
0.64	14.4494
0.642	14.2369
0.644	14.6879
0.646	14.3083
0.648	14.5951
0.65	14.6897
0.652	14.4586
0.654	14.6911
0.656	15.1065
0.658	15.0872
0.66	15.4271
0.662	15.4836
0.664	15.2884
0.666	15.5275
0.668	15.5103
0.67	15.7127
0.672	15.3402
0.674	15.6453
0.676	15.8037
0.678	16.3919
0.68	16.3817
0.682	16.4114
0.684	16.3599
0.686	16.4829
0.688	16.2936
0.69	16.7737
0.692	16.6997
0.694	16.8403
0.696	16.9227
0.698	17.183
0.7	17.1894
0.702	17.4984
0.704	17.4694
0.706	17.3859
0.708	17.6346
0.71	17.6004
0.712	17.8339
0.714	17.9792
0.716	18.4193
0.718	18.0216
0.72	18.3767
0.722	18.3686
0.724	18.5137
0.726	18.7537
0.728	18.6553
0.73	18.8483
0.732	19.0335
0.734	19.1942
0.736	19.1936
0.738	19.4352
0.74	19.841
0.742	19.7346
0.744	19.8013
0.746	19.4477
0.748	19.5109
0.75	19.7172
0.752	19.9525
0.754	20.001
0.756	20.0307
0.758	20.4364
0.76	20.6107
0.762	20.6393
0.764	20.6669
0.766	20.5763
0.768	20.7499
0.77	20.839
0.772	21.1479
0.774	21.4244
0.776	21.3649
0.778	21.5592
0.78	21.5909
0.782	21.5857
0.784	21.6524
0.786	21.7558
0.788	21.6193
0.79	21.8649
0.792	22.3735
0.794	22.2086
0.796	22.7963
0.798	22.3673
0.8	22.6084
0.802	22.5307
0.804	22.9351
0.806	23.0168
0.808	22.9656
0.81	23.114
0.812	23.2904
0.814	23.2758
0.816	23.3919
0.818	23.993
0.82	23.5499
0.822	24.0292
0.824	24.2005
0.826	23.9905
0.828	23.9741
0.83	24.1632
0.832	24.178
0.834	24.3314
0.836	24.7077
0.838	25.047
0.84	25.0377
0.842	25.127
0.844	24.9955
0.846	25.1852
0.848	25.0107
0.85	25.3862
0.852	25.5598
0.854	25.7451
0.856	26.0391
0.858	26.2736
0.86	26.1403
0.862	26.0989
0.864	26.2279
0.866	26.2174
0.868	26.1923
0.87	26.3837
0.872	26.9383
0.874	27.1282
0.876	27.2317
0.878	27.2585
0.88	27.1543
0.882	27.3441
0.884	27.5457
0.886	27.6059
0.888	27.5411
0.89	27.5883
0.892	27.8067
0.894	27.9663
0.896	28.3675
0.898	28.5457
0.9	28.753
0.902	28.6015
0.904	28.726
0.906	28.6238
0.908	28.6794
0.91	28.7335
0.912	29.2835
0.914	29.0775
0.916	29.5662
0.918	29.8713
0.92	29.7071
0.922	29.7028
0.924	29.5273
0.926	29.5849
0.928	30.0352
0.93	30.15
0.932	30.2982
0.934	30.353
0.936	30.5968
0.938	30.866
0.94	31.2635
0.942	31.3257
0.944	31.3349
0.946	31.5251
0.948	31.1555
0.95	31.0226
0.952	31.1839
0.954	31.406
0.956	32.2811
0.958	32.4944
0.96	32.2717
0.962	32.164
0.964	32.334
0.966	32.8611
0.968	32.6177
0.97	32.6065
0.972	33.2203
0.974	33.0889
0.976	33.2386
0.978	33.6175
0.98	33.6392
0.982	33.8972
0.984	33.747
0.986	33.8704
0.988	33.5581
0.99	33.7668
0.992	34.4988
0.994	34.3743
0.996	34.2633
0.998	34.3196
1	34.6758
1.002	34.8902
1.004	34.861
1.006	34.5978
1.008	34.812
1.01	34.7373
1.012	35.744
1.014	35.5783
1.016	35.6299
1.018	35.6544
1.02	36.3059
1.022	36.1204
1.024	36.0736
1.026	36.4098
1.028	36.7012
1.03	36.8376
1.032	36.8807
1.034	36.8082
1.036	36.8393
1.038	37.4547
1.04	37.9682
1.042	37.2238
1.044	38.267
1.046	37.6416
1.048	38.4236
1.05	37.7891
1.052	38.0732
1.054	38.3948
1.056	38.7983
1.058	39.112
1.06	38.6151
1.062	39.1446
1.064	39.2454
1.066	38.8567
1.068	38.8679
1.07	39.3803
1.072	39.2225
1.074	39.4192
1.076	39.9429
1.078	40.0765
1.08	40.219
1.082	39.8478
1.084	40.1722
1.086	40.0887
1.088	40.5259
1.09	40.3233
1.092	40.3479
1.094	40.6007
1.096	40.6902
1.098	40.5178
1.1	41.4095
1.102	41.3476
1.104	41.2927
1.106	41.3883
1.108	41.4924
1.11	42.0247
1.112	42.0669
1.114	41.9628
1.116	42.4245
1.118	42.6257
1.12	42.9027
1.122	42.4365
1.124	42.2247
1.126	43.0734
1.128	42.8849
1.13	43.1102
1.132	42.7746
1.134	43.3683
1.136	43.5142
1.138	43.4375
1.14	43.9941
1.142	43.3277
1.144	43.8587
1.146	44.0515
1.148	44.3329
1.15	44.3908
1.152	44.2745
1.154	43.8151
1.156	44.6314
1.158	44.664
1.16	44.8054
1.162	45.5893
1.164	45.4634
1.166	44.687
1.168	45.1613
1.17	45.6583
1.172	46.1018
1.174	45.9605
1.176	45.9985
1.178	46.4084
1.18	45.8034
1.182	46.657
1.184	46.1892
1.186	46.4052
1.188	46.5932
1.19	46.9081
1.192	47.3227
1.194	47.0671
1.196	47.5971
1.198	47.2041
1.2	47.8249
1.202	48.3326
1.204	47.9369
1.206	47.6823
1.208	48.1052
1.21	47.4161
1.212	48.2421
1.214	47.9463
1.216	48.7478
1.218	48.8575
1.22	49.1313
1.222	49.2748
1.224	48.9061
1.226	49.3393
1.228	48.6458
1.23	49.2078
1.232	49.3578
1.234	49.1347
1.236	50.077
1.238	50.2073
1.24	50.5535
1.242	50.4376
1.244	50.486
1.246	50.2206
1.248	50.2299
1.25	50.297
1.252	50.5227
1.254	50.9852
1.256	51.0143
1.258	51.8075
1.26	52.1537
1.262	51.4711
1.264	51.497
1.266	51.7918
1.268	51.2772
1.27	51.97
1.272	51.901
1.274	52.2693
1.276	53.183
1.278	52.6478
1.28	52.8907
1.282	53.2508
1.284	53.2433
1.286	52.8723
1.288	52.5087
1.29	53.0763
1.292	52.9488
1.294	53.5878
1.296	53.4972
1.298	53.4345
1.3	53.6056
1.302	54.0558
1.304	54.5674
1.306	53.9109
1.308	54.1816
1.31	54.1923
1.312	54.912
1.314	55.2883
1.316	55.0857
1.318	55.5112
1.32	55.2162
1.322	55.6754
1.324	55.9938
1.326	55.2781
1.328	55.6559
1.33	55.2088
1.332	55.6634
1.334	56.2332
1.336	56.3334
1.338	55.8445
1.34	56.1524
1.342	56.2539
1.344	56.4995
1.346	56.0227
1.348	56.4593
1.35	56.7573
1.352	57.1495
1.354	57.1076
1.356	57.4382
1.358	57.8535
1.36	58.1377
1.362	57.3446
1.364	57.9946
1.366	57.9053
1.368	58.2553
1.37	58.3971
1.372	58.3161
1.374	58.485
1.376	58.7375
1.378	58.9094
1.38	58.61
1.382	59.2962
1.384	59.3562
1.386	59.2258
1.388	59.8199
1.39	59.4899
1.392	59.274
1.394	59.7618
1.396	60.6539
1.398	60.0489
1.4	60.518
1.402	60.4451
1.404	60.6486
1.406	60.2552
1.408	60.5727
1.41	60.7225
1.412	61.4427
1.414	60.8114
1.416	60.9585
1.418	61.7161
1.42	61.6279
1.422	60.9751
1.424	61.9077
1.426	61.5264
1.428	61.8076
1.43	61.5521
1.432	61.8444
1.434	61.7152
1.436	62.4132
1.438	62.845
1.44	62.8825
1.442	62.841
1.444	62.4964
1.446	62.5948
1.448	62.5761
1.45	62.9316
1.452	62.9303
1.454	62.8893
1.456	64.1486
1.458	63.7781
1.46	63.5807
1.462	63.8678
1.464	64.0625
1.466	63.7604
1.468	63.7232
1.47	63.1632
1.472	64.255
1.474	64.5439
1.476	64.4486
1.478	64.6842
1.48	64.7059
1.482	65.4782
1.484	65.0875
1.486	65.4371
1.488	65.6445
1.49	65.5312
1.492	65.7523
1.494	66.0819
1.496	66.4403
1.498	66.1122
1.5	66.6417
1.502	66.5572
1.504	66.731
1.506	66.2588
1.508	66.6818
1.51	66.813
1.512	66.8107
1.514	66.7714
1.516	66.8849
1.518	67.6961
1.52	67.5386
1.522	67.84
1.524	67.0996
1.526	67.9908
1.528	67.548
1.53	68.2471
1.532	67.8113
1.534	68.5616
1.536	68.3664
1.538	68.6019
1.54	69.3643
1.542	68.7463
1.544	68.1829
1.546	68.7155
1.548	68.3948
1.55	68.9404
1.552	69.2648
1.554	69.4188
1.556	69.4647
1.558	69.6188
1.56	69.7609
1.562	69.9804
1.564	70.2271
1.566	70.2779
1.568	70.4585
1.57	69.8005
1.572	70.1908
1.574	70.7676
1.576	70.9887
1.578	70.804
1.58	71.2444
1.582	71.0176
1.584	71.2203
1.586	71.409
1.588	71.5225
1.59	71.4048
1.592	72.5828
1.594	71.845
1.596	71.9652
1.598	72.4728
1.6	72.2103
1.602	72.3072
1.604	72.627
1.606	72.9184
1.608	72.0462
1.61	73.0589
1.612	72.479
1.614	72.5488
1.616	73.0916
1.618	73.5471
1.62	73.335
1.622	73.0539
1.624	73.0498
1.626	72.9486
1.628	73.4789
1.63	73.1631
1.632	73.7025
1.634	74.1397
1.636	74.3541
1.638	74.8655
1.64	74.522
1.642	74.658
1.644	74.8606
1.646	74.4051
1.648	74.1264
1.65	74.7163
1.652	75.2065
1.654	75.5389
1.656	75.3878
1.658	75.496
1.66	76.0414
1.662	75.4811
1.664	75.6078
1.666	75.4896
1.668	75.7692
1.67	75.7392
1.672	75.6874
1.674	76.4455
1.676	76.702
1.678	76.2656
1.68	77.0138
1.682	77.2005
1.684	77.6214
1.686	77.0417
1.688	76.6579
1.69	77.4521
1.692	77.5926
1.694	77.7867
1.696	78.0588
1.698	77.6853
1.7	78.003
1.702	77.8825
1.704	78.4693
1.706	77.8767
1.708	77.8714
1.71	78.3325
1.712	78.6581
1.714	78.9774
1.716	79.2976
1.718	79.4254
1.72	79.1825
1.722	79.0708
1.724	79.7374
1.726	79.1667
1.728	79.9772
1.73	79.6882
1.732	79.832
1.734	79.8583
1.736	80.7237
1.738	80.7225
1.74	81.155
1.742	81.0812
1.744	81.4317
1.746	81.2562
1.748	81.6315
1.75	81.4245
1.752	80.7983
1.754	81.1889
1.756	81.3258
1.758	81.3971
1.76	81.5119
1.762	81.804
1.764	81.5393
1.766	82.4581
1.768	81.5911
1.77	81.6982
1.772	82.4122
1.774	81.5229
1.776	82.4459
1.778	82.9222
1.78	82.8143
1.782	82.5306
1.784	82.7107
1.786	83.2756
1.788	82.5355
1.79	83.0384
1.792	84.2025
1.794	83.1292
1.796	83.6476
1.798	83.9243
1.8	83.3636
1.802	83.6095
1.804	83.7277
1.806	83.9168
1.808	84.1211
1.81	84.0681
1.812	84.318
1.814	83.6942
1.816	84.722
1.818	84.0503
1.82	84.9042
1.822	85.0344
1.824	85.1202
1.826	85.1338
1.828	85.3416
1.83	85.4093
1.832	85.5167
1.834	85.5209
1.836	86.0822
1.838	85.8434
1.84	86.6335
1.842	86.4121
1.844	85.7408
1.846	86.2444
1.848	85.873
1.85	85.9419
1.852	86.0995
1.854	86.3126
1.856	86.2862
1.858	86.3757
1.86	86.6954
1.862	86.893
1.864	86.9385
1.866	86.5231
1.868	86.9083
1.87	87.22
1.872	87.4886
1.874	87.5046
1.876	87.2376
1.878	88.2005
1.88	88.4823
1.882	88.0675
1.884	87.3345
1.886	88.0636
1.888	87.3089
1.89	88.2361
1.892	88.3875
1.894	88.5665
1.896	89.17
1.898	89.5435
1.9	89.4018
1.902	89.2704
1.904	88.6757
1.906	88.9484
1.908	88.9814
1.91	89.4441
1.912	89.1941
1.914	89.7005
1.916	89.8761
1.918	90.4187
1.92	90.4378
1.922	90.0412
1.924	90.2108
1.926	89.6105
1.928	90.2709
1.93	89.696
1.932	90.1497
1.934	89.7959
1.936	90.3198
1.938	91.3067
1.94	91.3447
1.942	91.3302
1.944	90.9895
1.946	90.6695
1.948	91.5273
1.95	91.398
1.952	91.1724
1.954	91.349
1.956	92.1343
1.958	92.1189
1.96	92.4958
1.962	92.1187
1.964	92.0895
1.966	92.2535
1.968	92.2925
1.97	92.2033
1.972	91.7166
1.974	92.1829
1.976	92.6627
1.978	92.8784
1.98	92.7551
1.982	93.1997
1.984	93.0663
1.986	92.4727
1.988	92.7665
1.99	92.5978
1.992	92.6153
1.994	93.7464
1.996	93.8693
1.998	93.4749
2	94.1655
2.002	94.2111
2.004	94.0924
2.006	93.7668
2.008	94.7089
2.01	93.6611
2.012	93.6453
2.014	94.3531
2.016	95.4732
2.018	94.7158
2.02	96.0179
2.022	95.157
2.024	94.9618
2.026	95.4139
2.028	95.2227
2.03	95.1101
2.032	94.6914
2.034	96.0666
2.036	96.4529
2.038	95.5839
2.04	96.8226
2.042	96.2654
2.044	95.8838
2.046	96.986
2.048	96.8417
2.05	96.7673
2.052	96.7569
2.054	96.362
2.056	96.789
2.058	96.8242
2.06	97.1095
2.062	97.6294
2.064	97.6683
2.066	97.3285
2.068	97.2651
2.07	98.1049
2.072	97.6582
2.074	96.9324
2.076	98.1889
2.078	97.62
2.08	97.2978
2.082	97.9313
2.084	98.1693
2.086	98.0102
2.088	98.9869
2.09	98.4609
2.092	98.6438
2.094	98.6428
2.096	98.6941
2.098	98.4138
2.1	98.7838
2.102	98.8259
2.104	98.6933
2.106	98.599
2.108	99.6405
2.11	99.2949
2.112	99.7495
2.114	99.6414
2.116	99.1527
2.118	99.2
2.12	98.9435
2.122	100.538
2.124	99.7018
2.126	100.078
2.128	99.9151
2.13	99.3694
2.132	99.9374
2.134	100.131
2.136	101.078
2.138	100.846
2.14	101.419
2.142	100.97
2.144	100.248
2.146	101.154
2.148	100.715
2.15	100.572
2.152	101.351
2.154	101.043
2.156	101.495
2.158	101.204
2.16	101.879
2.162	102.041
2.164	102.687
2.166	102.699
2.168	102.996
2.17	101.379
2.172	102.116
2.174	101.396
2.176	101.979
2.178	103.012
2.18	102.588
2.182	102.682
2.184	102.506
2.186	103.542
2.188	103.181
2.19	102.868
2.192	102.703
2.194	103.933
2.196	104.177
2.198	103.938
2.2	103.351
2.202	103.464
2.204	103.667
2.206	103.433
2.208	103.66
2.21	103.364
2.212	104.232
2.214	104.04
2.216	104.129
2.218	105.561
2.22	104.089
2.222	105.217
2.224	104.662
2.226	104.617
2.228	105.332
2.23	104.659
2.232	104.316
2.234	104.709
2.236	105.569
2.238	105.774
2.24	105.069
2.242	106.011
2.244	105.751
2.246	105.123
2.248	104.844
2.25	105.883
2.252	105.677
2.254	106.212
2.256	106.439
2.258	106.388
2.26	106.447
2.262	106.647
2.264	106.211
2.266	106.737
2.268	107.511
2.27	106.744
2.272	107.167
2.274	106.648
2.276	106.818
2.278	107.095
2.28	107.307
2.282	107.065
2.284	107.431
2.286	107.463
2.288	107.797
2.29	108.203
2.292	107.231
2.294	107.536
2.296	107.898
2.298	108.99
2.3	108.832
2.302	108.481
2.304	109.121
2.306	107.913
2.308	108.888
2.31	108.123
2.312	108.673
2.314	108.326
2.316	108.522
2.318	109.503
2.32	108.821
2.322	108.789
2.324	109.467
2.326	109.19
2.328	109.294
2.33	109.618
2.332	109.626
2.334	108.828
2.336	109.23
2.338	109.272
2.34	110.094
2.342	109.498
2.344	109.199
2.346	110.009
2.348	109.026
2.35	109.965
2.352	110.484
2.354	109.692
2.356	111.028
2.358	110.87
2.36	111.119
2.362	110.49
2.364	111.113
2.366	109.917
2.368	110.598
2.37	110.707
2.372	110.612
2.374	112.002
2.376	111.275
2.378	111.137
2.38	110.491
2.382	111.016
2.384	111.218
2.386	110.514
2.388	110.894
2.39	111.945
2.392	111.431
2.394	111.612
2.396	111.505
2.398	111.677
2.4	111.817
2.402	112.368
2.404	111.729
2.406	112.559
2.408	112.152
2.41	112.08
2.412	111.908
2.414	112.944
2.416	112.815
2.418	113.373
2.42	112.893
2.422	112.236
2.424	112.737
2.426	113.349
2.428	112.603
2.43	112.633
2.432	113.408
2.434	113.288
2.436	112.714
2.438	114.051
2.44	114.354
2.442	112.942
2.444	114.015
2.446	113.815
2.448	114.367
2.45	114.198
2.452	114.05
2.454	114.403
2.456	114.726
2.458	114.54
2.46	114.04
2.462	114.103
2.464	114.301
2.466	115.19
2.468	114.363
2.47	114.89
2.472	114.831
2.474	115.388
2.476	115.601
2.478	115.741
2.48	114.986
2.482	114.936
2.484	115.021
2.486	115.103
2.488	114.664
2.49	115.477
2.492	115.084
2.494	115.784
2.496	115.799
2.498	115.957
2.5	115.593
2.502	116.179
2.504	116.603
2.506	116.808
2.508	116.56
2.51	116.62
2.512	116.214
2.514	116.191
2.516	116.757
2.518	117.162
2.52	117.322
2.522	117.456
2.524	117.786
2.526	117.611
2.528	117.385
2.53	116.664
2.532	117.233
2.534	117.267
2.536	117.578
2.538	117.917
2.54	117.16
2.542	117.949
2.544	118.345
2.546	117.275
2.548	117.434
2.55	118.237
2.552	118.364
2.554	118.702
2.556	118.182
2.558	117.9
2.56	118.479
2.562	118.352
2.564	118.777
2.566	118.477
2.568	119.244
2.57	118.455
2.572	118.659
2.574	118.328
2.576	119.763
2.578	120.275
2.58	119.73
2.582	119.377
2.584	119.181
2.586	119.366
2.588	119.798
2.59	118.684
2.592	120.285
2.594	119.754
2.596	120.292
2.598	120.723
2.6	120.037
2.602	119.719
2.604	120.106
2.606	119.353
2.608	119.246
2.61	120.465
2.612	119.73
2.614	120.445
2.616	120.845
2.618	120.574
2.62	119.992
2.622	120.827
2.624	120.5
2.626	121.242
2.628	121.327
2.63	121.396
2.632	121.116
2.634	121.295
2.636	121.618
2.638	121.82
2.64	120.927
2.642	121.656
2.644	121.997
2.646	121.903
2.648	121.293
2.65	122.372
2.652	122.189
2.654	122.152
2.656	121.397
2.658	122.037
2.66	121.519
2.662	122.196
2.664	122.598
2.666	121.814
2.668	122.526
2.67	122.249
2.672	122.612
2.674	122.708
2.676	122.958
2.678	122.884
2.68	122.387
2.682	122.81
2.684	123.382
2.686	123.305
2.688	123.017
2.69	123.829
2.692	123.126
2.694	123.093
2.696	124.745
2.698	123.576
2.7	124.168
2.702	124.457
2.704	123.924
2.706	123.481
2.708	124.007
2.71	123.238
2.712	124.389
2.714	124.658
2.716	124.378
2.718	124.722
2.72	124.526
2.722	123.923
2.724	124.254
2.726	123.932
2.728	124.655
2.73	124.225
2.732	124.88
2.734	125.424
2.736	125.58
2.738	124.368
2.74	125.191
2.742	125.458
2.744	124.798
2.746	125.864
2.748	124.475
2.75	125.567
2.752	125.724
2.754	125.998
2.756	125.452
2.758	126.587
2.76	126.082
2.762	126.926
2.764	125.912
2.766	125.791
2.768	125.589
2.77	126.087
2.772	126.097
2.774	125.7
2.776	126.551
2.778	126.986
2.78	126.732
2.782	126.752
2.784	126.672
2.786	125.701
2.788	126.142
2.79	126.421
2.792	125.995
2.794	127.109
2.796	126.694
2.798	126.83
2.8	127.603
2.802	126.567
2.804	127.017
2.806	126.897
2.808	127.205
2.81	127.742
2.812	127.894
2.814	127.661
2.816	127.652
2.818	127.871
2.82	127.579
2.822	128.189
2.824	127.117
2.826	127.367
2.828	127.853
2.83	127.192
2.832	127.67
2.834	127.926
2.836	127.931
2.838	128.552
2.84	129.187
2.842	128.238
2.844	128.186
2.846	128.45
2.848	128.638
2.85	128.523
2.852	128.512
2.854	128.312
2.856	129.137
2.858	129.254
2.86	129.285
2.862	128.789
2.864	129.957
2.866	130.071
2.868	128.778
2.87	129.343
2.872	129.102
2.874	128.74
2.876	129.226
2.878	130.13
2.88	130.255
2.882	129.383
2.884	129.405
2.886	130.423
2.888	130.8
2.89	129.718
2.892	130.116
2.894	130.528
2.896	130.48
2.898	130.164
2.9	130.589
2.902	130.039
2.904	130.363
2.906	130.517
2.908	131.214
2.91	130.323
2.912	130.685
2.914	130.63
2.916	130.61
2.918	132.078
2.92	131.841
2.922	132.007
2.924	131.49
2.926	132.285
2.928	131.577
2.93	131.595
2.932	131.401
2.934	132.395
2.936	131.711
2.938	132.79
2.94	132.657
2.942	132.173
2.944	132.313
2.946	132.455
2.948	132.298
2.95	131.607
2.952	131.708
2.954	132.61
2.956	132.55
2.958	132.6
2.96	132.341
2.962	132.07
2.964	132.874
2.966	132.77
2.968	132.21
2.97	133.179
2.972	132.138
2.974	133.229
2.976	132.435
2.978	133.95
2.98	132.822
2.982	133.11
2.984	133.533
2.986	132.648
2.988	132.744
2.99	133.002
2.992	133.246
2.994	132.934
2.996	133.152
2.998	133.534
3	133.486
3.002	133.567
3.004	133.157
3.006	133.152
3.008	134.072
3.01	133.831
3.012	134.31
3.014	134.697
3.016	133.913
3.018	134.647
3.02	135.335
3.022	134.842
3.024	135.092
3.026	134.666
3.028	134.044
3.03	134.636
3.032	134.98
3.034	134.115
3.036	135.515
3.038	135.378
3.04	134.861
3.042	134.72
3.044	135.25
3.046	135.16
3.048	135.644
3.05	135.437
3.052	135.598
3.054	135.477
3.056	135.976
3.058	135.977
3.06	135.406
3.062	135.804
3.064	135.89
3.066	135.45
3.068	135.557
3.07	135.243
3.072	136.237
3.074	135.575
3.076	135.841
3.078	136.751
3.08	136.944
3.082	136.683
3.084	135.957
3.086	136.607
3.088	136.319
3.09	136.166
3.092	136.122
3.094	136.663
3.096	137.016
3.098	136.917
3.1	136.452
3.102	137.374
3.104	136.208
3.106	135.992
3.108	136.538
3.11	136.448
3.112	136.948
3.114	136.445
3.116	136.603
3.118	137.541
3.12	137.844
3.122	137.169
3.124	136.379
3.126	136.78
3.128	137.922
3.13	137.122
3.132	137.985
3.134	138.118
3.136	137.758
3.138	138.333
3.14	137.717
3.142	137.149
3.144	137.626
3.146	138.12
3.148	137.733
3.15	138.246
3.152	138.516
3.154	138.213
3.156	138.461
3.158	137.531
3.16	137.972
3.162	138.377
3.164	138.731
3.166	138.21
3.168	138.474
3.17	138.469
3.172	138.305
3.174	138.914
3.176	139.424
3.178	138.616
3.18	138.868
3.182	138.38
3.184	137.964
3.186	138.203
3.188	138.953
3.19	139.803
3.192	138.404
3.194	138.742
3.196	138.996
3.198	139.585
3.2	139.512
3.202	139.539
3.204	139.753
3.206	140.386
3.208	139.254
3.21	140.193
3.212	140.262
3.214	139.561
3.216	139.718
3.218	140.213
3.22	139.809
3.222	139.611
3.224	140.458
3.226	140.097
3.228	139.754
3.23	140.177
3.232	140.612
3.234	139.951
3.236	141.171
3.238	140.963
3.24	140.273
3.242	140.754
3.244	140.888
3.246	141.886
3.248	140.504
3.25	140.316
3.252	140.329
3.254	140.257
3.256	141.182
3.258	141.571
3.26	142.163
3.262	141.299
3.264	141.291
3.266	140.344
3.268	141.222
3.27	142.175
3.272	141.863
3.274	141.995
3.276	141.886
3.278	141.473
3.28	142.541
3.282	141.498
3.284	142.015
3.286	141.604
3.288	142.801
3.29	142.101
3.292	142.641
3.294	141.814
3.296	142.722
3.298	142.182
3.3	142.093
3.302	142.649
3.304	142.764
3.306	142.234
3.308	142.028
3.31	143.069
3.312	143.1
3.314	142.027
3.316	142.219
3.318	142.825
3.32	142.506
3.322	142.922
3.324	143.48
3.326	142.968
3.328	143.385
3.33	141.814
3.332	143.196
3.334	141.563
3.336	142.733
3.338	143.713
3.34	143.769
3.342	144.843
3.344	143.926
3.346	143.317
3.348	143.703
3.35	143.716
3.352	144.187
3.354	144.464
3.356	143.843
3.358	143.243
3.36	143.616
3.362	144.417
3.364	144.091
3.366	143.97
3.368	144.171
3.37	143.646
3.372	144.585
3.374	144.709
3.376	143.819
3.378	143.636
3.38	144.501
3.382	144.257
3.384	144.553
3.386	143.494
3.388	145.559
3.39	144.591
3.392	145.636
3.394	144.557
3.396	145.228
3.398	144.673
3.4	144.996
3.402	144.856
3.404	145.159
3.406	144.49
3.408	145.318
3.41	144.82
3.412	144.748
3.414	144.676
3.416	145.091
3.418	145.333
3.42	145.589
3.422	146.003
3.424	145.175
3.426	145.395
3.428	144.575
3.43	145.031
3.432	144.821
3.434	144.681
3.436	144.737
3.438	144.904
3.44	145.789
3.442	146.104
3.444	144.681
3.446	146.242
3.448	145.177
3.45	145.699
3.452	145.706
3.454	145.674
3.456	146.261
3.458	146.609
3.46	146.324
3.462	146.605
3.464	147.03
3.466	146.587
3.468	146.087
3.47	146.438
3.472	145.756
3.474	147.276
3.476	147.065
3.478	147.251
3.48	147.15
3.482	146.034
3.484	146.613
3.486	145.481
3.488	146.966
3.49	146.938
3.492	145.387
3.494	146.833
3.496	147.912
3.498	147.583
3.5	147.319
3.502	147.479
3.504	146.937
3.506	147.389
3.508	147.626
3.51	147.624
3.512	147.141
3.514	148.069
3.516	148.322
3.518	147.339
3.52	147.096
3.522	148.001
3.524	147.337
3.526	148.145
3.528	146.972
3.53	146.897
3.532	147.264
3.534	148.209
3.536	148.897
3.538	148.635
3.54	148.359
3.542	148.193
3.544	148.498
3.546	148.616
3.548	147.467
3.55	148.464
3.552	147.723
3.554	148.796
3.556	149.011
3.558	147.778
3.56	148.231
3.562	148.77
3.564	147.478
3.566	148.345
3.568	148.555
3.57	148.239
3.572	148.916
3.574	148.18
3.576	148.352
3.578	149.353
3.58	149.398
3.582	148.528
3.584	149.298
3.586	148.543
3.588	149.202
3.59	149.66
3.592	148.984
3.594	149.813
3.596	149.761
3.598	149.644
3.6	149.485
3.602	149.717
3.604	149.652
3.606	148.814
3.608	149.267
3.61	149.897
3.612	151.353
3.614	150.079
3.616	150.569
3.618	150.11
3.62	150.085
3.622	149.976
3.624	150.047
3.626	150.547
3.628	150.145
3.63	150.396
3.632	149.712
3.634	150.35
3.636	149.811
3.638	150.208
3.64	151.094
3.642	150.849
3.644	150.088
3.646	149.418
3.648	150.853
3.65	151.019
3.652	150.799
3.654	151.744
3.656	151.546
3.658	151.26
3.66	151.492
3.662	151.402
3.664	151.113
3.666	151.599
3.668	151.308
3.67	150.647
3.672	152.028
3.674	151.021
3.676	151.341
3.678	151.432
3.68	152.361
3.682	151.397
3.684	151.942
3.686	151.554
3.688	150.494
3.69	151.686
3.692	150.973
3.694	151.197
3.696	152.052
3.698	151.732
3.7	151.464
3.702	151.932
3.704	151.683
3.706	152.611
3.708	152.741
3.71	152.316
3.712	152.003
3.714	151.983
3.716	151.813
3.718	152.351
3.72	151.923
3.722	151.221
3.724	152.245
3.726	152.531
3.728	152.65
3.73	152.455
3.732	152.698
3.734	152.548
3.736	152.66
3.738	152.073
3.74	152.902
3.742	152.581
3.744	153.083
3.746	152.968
3.748	152.163
3.75	153.103
3.752	152.531
3.754	152.688
3.756	152.707
3.758	153.107
3.76	152.987
3.762	152.589
3.764	152.349
3.766	152.947
3.768	153.189
3.77	153.11
3.772	152.924
3.774	152.817
3.776	154.459
3.778	153.042
3.78	154.03
3.782	154.372
3.784	152.923
3.786	153.737
3.788	153.228
3.79	152.768
3.792	153.489
3.794	153.297
3.796	152.85
3.798	153.734
3.8	154.976
3.802	153.484
3.804	154.205
3.806	154.247
3.808	154.271
3.81	153.404
3.812	153.511
3.814	154.534
3.816	155.733
3.818	154.844
3.82	153.983
3.822	154.338
3.824	154.099
3.826	155.083
3.828	154.073
3.83	154.005
3.832	154.042
3.834	153.057
3.836	155.377
3.838	154.629
3.84	155.467
3.842	154.552
3.844	154.456
3.846	154.808
3.848	154.018
3.85	155.011
3.852	155.803
3.854	155.339
3.856	154.536
3.858	155.45
3.86	155.766
3.862	154.3
3.864	155.109
3.866	156.18
3.868	155.098
3.87	156.585
3.872	156.768
3.874	154.798
3.876	156.72
3.878	155.406
3.88	155.979
3.882	155.794
3.884	155.769
3.886	155.402
3.888	156.574
3.89	156.314
3.892	155.623
3.894	156.413
3.896	155.67
3.898	156.669
3.9	156.745
3.902	155.767
3.904	155.898
3.906	156.632
3.908	155.638
3.91	155.551
3.912	156.534
3.914	157.263
3.916	155.699
3.918	156.677
3.92	156.782
3.922	156.84
3.924	156.433
3.926	157.103
3.928	157.543
3.93	156.414
3.932	156.25
3.934	157.107
3.936	157.238
3.938	156.671
3.94	157.58
3.942	157.73
3.944	157.91
3.946	157.205
3.948	157.723
3.95	157.053
3.952	157.795
3.954	156.991
3.956	157.272
3.958	157.186
3.96	157.556
3.962	157.378
3.964	156.723
3.966	156.124
3.968	157.536
3.97	158.006
3.972	157.843
3.974	157.925
3.976	158.286
3.978	157.491
3.98	158.115
3.982	157.481
3.984	158.027
3.986	157.953
3.988	157.877
3.99	157.824
3.992	157.189
3.994	157.461
3.996	158.421
3.998	158.7
4	158.096
4.002	157.584
4.004	157.482
4.006	157.782
4.008	158.378
4.01	158.467
4.012	158.562
4.014	158.34
4.016	158.202
4.018	158.081
4.02	158.743
4.022	158.792
4.024	159.046
4.026	158.543
4.028	158.917
4.03	158.402
4.032	158.645
4.034	160.52
4.036	159.534
4.038	159.624
4.04	160.117
4.042	159.425
4.044	159.864
4.046	159.187
4.048	159.399
4.05	158.411
4.052	159.2
4.054	158.939
4.056	160.219
4.058	159.594
4.06	159.364
4.062	159.539
4.064	159.411
4.066	159.226
4.068	159.471
4.07	159.567
4.072	158.895
4.074	159.047
4.076	159.651
4.078	159.431
4.08	159.512
4.082	159.957
4.084	159.679
4.086	159.689
4.088	160.025
4.09	159.785
4.092	159.912
4.094	161.005
4.096	160.91
4.098	160.028
4.1	160.48
4.102	159.668
4.104	160.605
4.106	160.233
4.108	161.158
4.11	160.016
4.112	160.204
4.114	160.799
4.116	160.207
4.118	160.517
4.12	160.484
4.122	159.971
4.124	160.866
4.126	160.124
4.128	159.589
4.13	161.039
4.132	160.687
4.134	161.197
4.136	161.284
4.138	160.125
4.14	161.476
4.142	161
4.144	160.798
4.146	161.465
4.148	160.673
4.15	160.321
4.152	160.46
4.154	161.816
4.156	160.532
4.158	159.907
4.16	161.093
4.162	161.429
4.164	160.877
4.166	162.065
4.168	160.877
4.17	160.366
4.172	161.455
4.174	162.014
4.176	162.088
4.178	161.68
4.18	161.944
4.182	160.79
4.184	160.92
4.186	161.418
4.188	161.382
4.19	161.184
4.192	162.509
4.194	162.227
4.196	161.806
4.198	161.068
4.2	162.317
4.202	161.767
4.204	161.111
4.206	162.527
4.208	162.491
4.21	161.428
4.212	161.51
4.214	162.646
4.216	163.162
4.218	162.67
4.22	162.003
4.222	162.537
4.224	161.93
4.226	162.228
4.228	161.174
4.23	162.213
4.232	162.659
4.234	162.463
4.236	162.784
4.238	162.12
4.24	163.122
4.242	162.339
4.244	162.595
4.246	162.958
4.248	163.188
4.25	162.933
4.252	163.12
4.254	162.326
4.256	162.528
4.258	163.474
4.26	164.221
4.262	162.856
4.264	163.687
4.266	163.013
4.268	162.997
4.27	162.601
4.272	163.392
4.274	163.051
4.276	163.224
4.278	164.256
4.28	163.667
4.282	163.492
4.284	163.86
4.286	162.47
4.288	163.82
4.29	163.158
4.292	162.95
4.294	162.732
4.296	164.142
4.298	163.966
4.3	164.415
4.302	163.941
4.304	163.547
4.306	163.474
4.308	163.62
4.31	163.556
4.312	163.557
4.314	163.911
4.316	162.56
4.318	164.825
4.32	162.424
4.322	163.882
4.324	163.739
4.326	164.42
4.328	164.469
4.33	163.385
4.332	164.656
4.334	163.955
4.336	163.928
4.338	164.643
4.34	164.967
4.342	164.553
4.344	163.982
4.346	164.529
4.348	163.346
4.35	164.905
4.352	163.456
4.354	164.799
4.356	163.845
4.358	164.408
4.36	163.653
4.362	163.841
4.364	164.425
4.366	163.546
4.368	164.485
4.37	164.691
4.372	164.945
4.374	164.652
4.376	163.948
4.378	164.048
4.38	164.267
4.382	164.976
4.384	163.605
4.386	165.44
4.388	164.468
4.39	164.448
4.392	165.168
4.394	165.334
4.396	164.873
4.398	164.14
4.4	165.128
4.402	165.978
4.404	165.82
4.406	165.217
4.408	165.298
4.41	164.71
4.412	165.083
4.414	166.063
4.416	165.14
4.418	167.176
4.42	165.46
4.422	165.21
4.424	165.589
4.426	165.687
4.428	165.282
4.43	165.507
4.432	165.076
4.434	165.389
4.436	166.149
4.438	165.642
4.44	165.147
4.442	164.405
4.444	165.116
4.446	164.968
4.448	164.718
4.45	165.759
4.452	165.601
4.454	166.514
4.456	166.496
4.458	166.477
4.46	166.989
4.462	166.329
4.464	165.9
4.466	165.533
4.468	166.757
4.47	166.389
4.472	166.361
4.474	165.423
4.476	166.693
4.478	165.131
4.48	166.68
4.482	166.281
4.484	167.305
4.486	165.949
4.488	165.816
4.49	166.759
4.492	167.321
4.494	166.538
4.496	166.689
4.498	166.998
4.5	165.897
4.502	166.848
4.504	166.558
4.506	166.647
4.508	166.54
4.51	166.754
4.512	166.774
4.514	166.768
4.516	167.171
4.518	167.037
4.52	167.664
4.522	167.211
4.524	167.256
4.526	166.922
4.528	166.616
4.53	166.967
4.532	166.975
4.534	166.583
4.536	166.981
4.538	167.078
4.54	167.231
4.542	166.93
4.544	166.316
4.546	166.607
4.548	166.553
4.55	166.504
4.552	167.504
4.554	167.006
4.556	168.036
4.558	168.338
4.56	167.56
4.562	166.75
4.564	167.986
4.566	167.782
4.568	168.579
4.57	167.962
4.572	167.651
4.574	168.226
4.576	167.648
4.578	168.278
4.58	168.46
4.582	167.65
4.584	168.291
4.586	167.684
4.588	168.573
4.59	167.685
4.592	168.452
4.594	169.203
4.596	168.326
4.598	168.34
4.6	169.92
4.602	168.574
4.604	167.623
4.606	169.164
4.608	168.233
4.61	168.872
4.612	168.93
4.614	168.667
4.616	168.866
4.618	168.447
4.62	168.107
4.622	167.712
4.624	168.963
4.626	168.372
4.628	168.428
4.63	168.408
4.632	168.854
4.634	169.342
4.636	168.223
4.638	169.2
4.64	168.584
4.642	168.915
4.644	169.042
4.646	168.686
4.648	168.547
4.65	169.03
4.652	168.649
4.654	167.813
4.656	168.827
4.658	169.16
4.66	169.635
4.662	167.755
4.664	168.642
4.666	168.929
4.668	168.629
4.67	169.146
4.672	169.643
4.674	169.387
4.676	170.031
4.678	169.669
4.68	170.071
4.682	170.135
4.684	169.488
4.686	168.945
4.688	169.576
4.69	170.438
4.692	168.874
4.694	169.491
4.696	169.861
4.698	169.572
4.7	169.795
4.702	169.464
4.704	170.476
4.706	169.52
4.708	169.16
4.71	169.242
4.712	168.496
4.714	169.747
4.716	169.312
4.718	170.204
4.72	170.194
4.722	169.163
4.724	170.009
4.726	170.324
4.728	170.277
4.73	170.369
4.732	170.701
4.734	170.87
4.736	170.797
4.738	170.947
4.74	169.912
4.742	170.066
4.744	170.277
4.746	170.554
4.748	169.941
4.75	169.716
4.752	169.869
4.754	170.789
4.756	171.586
4.758	171.04
4.76	170.587
4.762	170.003
4.764	170.294
4.766	170.439
4.768	170.001
4.77	170.082
4.772	171.202
4.774	170.531
4.776	170.843
4.778	171.605
4.78	170.343
4.782	170.708
4.784	171.038
4.786	169.578
4.788	169.924
4.79	171.678
4.792	170.06
4.794	170.165
4.796	171.283
4.798	171.882
4.8	170.714
4.802	171.696
4.804	171.039
4.806	170.276
4.808	170.322
4.81	171.233
4.812	170.844
4.814	171.423
4.816	170.866
4.818	169.922
4.82	169.965
4.822	170.02
4.824	171.297
4.826	170.766
4.828	170.976
4.83	170.705
4.832	171.864
4.834	172.367
4.836	171.73
4.838	170.594
4.84	172.447
4.842	171.214
4.844	170.828
4.846	170.736
4.848	171.041
4.85	171.608
4.852	171.552
4.854	171.124
4.856	171.457
4.858	171.376
4.86	170.815
4.862	170.623
4.864	172.669
4.866	172.253
4.868	171.441
4.87	171.955
4.872	170.856
4.874	172.088
4.876	172.786
4.878	172.757
4.88	172.304
4.882	172.267
4.884	171.942
4.886	172.121
4.888	172.535
4.89	171.77
4.892	172.239
4.894	171.62
4.896	171.774
4.898	171.894
4.9	172.92
4.902	172.106
4.904	172.535
4.906	172.603
4.908	172.298
4.91	172.405
4.912	171.226
4.914	172.579
4.916	172.685
4.918	172.946
4.92	172.485
4.922	172.489
4.924	172.628
4.926	173.309
4.928	173.055
4.93	173.16
4.932	172.355
4.934	172.947
4.936	172.133
4.938	172.734
4.94	172.818
4.942	172.967
4.944	172.225
4.946	173.027
4.948	173.19
4.95	172.119
4.952	172.439
4.954	173.499
4.956	172.756
4.958	173.266
4.96	172.844
4.962	172.421
4.964	172.171
4.966	173.043
4.968	172.996
4.97	172.492
4.972	173.4
4.974	172.66
4.976	173.154
4.978	172.575
4.98	174.351
4.982	172.198
4.984	172.843
4.986	172.729
4.988	173.456
4.99	172.953
4.992	173.574
4.994	173.017
4.996	173.048
4.998	173.294
5	173.227
5.002	174.603
5.004	173.231
5.006	173.15
5.008	171.743
5.01	171.745
5.012	173.735
5.014	173.483
5.016	173.025
5.018	174.344
5.02	173.966
5.022	174.053
5.024	172.876
5.026	173.484
5.028	174.071
5.03	173.828
5.032	174.494
5.034	173.817
5.036	173.358
5.038	174.606
5.04	173.861
5.042	173.832
5.044	174.469
5.046	174.889
5.048	174.396
5.05	174.081
5.052	174.14
5.054	174.53
5.056	174.372
5.058	174.71
5.06	175.6
5.062	174.653
5.064	175.162
5.066	174.938
5.068	173.478
5.07	174.207
5.072	174.698
5.074	174.529
5.076	175.109
5.078	174.857
5.08	174.885
5.082	174.301
5.084	174.799
5.086	174.995
5.088	173.767
5.09	174.22
5.092	174.772
5.094	174.92
5.096	175.53
5.098	174.964
5.1	175.253
5.102	174.54
5.104	175.189
5.106	175.085
5.108	175.22
5.11	174.93
5.112	175.352
5.114	174.43
5.116	174.459
5.118	174.123
5.12	174.375
5.122	174.236
5.124	173.723
5.126	175.222
5.128	174.04
5.13	174.099
5.132	174.76
5.134	174.116
5.136	175.132
5.138	174.869
5.14	175.056
5.142	175.041
5.144	174.549
5.146	175.004
5.148	174.232
5.15	174.092
5.152	174.893
5.154	176.414
5.156	174.978
5.158	175.177
5.16	175.637
5.162	175.127
5.164	175.911
5.166	175.788
5.168	174.98
5.17	176.073
5.172	175.395
5.174	175.231
5.176	175.686
5.178	177.659
5.18	22.7659
5.182	24.6052
5.184	25.4118
5.186	25.521
5.188	25.851
5.19	26.4268
5.192	26.7348
5.194	26.6768
5.196	26.9118
5.198	26.9994
5.2	26.9073
5.202	26.8118
5.204	26.6129
5.206	26.6911
5.208	26.5402
5.21	26.2806
5.212	26.647
5.214	26.5507
5.216	26.6301
5.218	26.6297
5.22	26.5604
5.222	26.4113
5.224	26.1478
5.226	25.9154
5.228	25.6665
5.23	25.7204
5.232	25.6872
5.234	25.6484
5.236	25.9591
5.238	25.7042
5.24	25.5908
5.242	25.5217
5.244	25.1586
5.246	24.7698
5.248	24.6169
5.25	24.4131
5.252	24.6129
5.254	24.574
5.256	24.679
5.258	24.496
5.26	24.4445
5.262	24.3818
5.264	24.2153
5.266	24.0813
5.268	23.7442
5.27	23.549
5.272	23.7367
5.274	23.6114
5.276	23.6707
5.278	23.2931
5.28	23.5999
5.282	22.9936
5.284	23.0168
5.286	22.8541
5.288	22.6169
5.29	22.4822
5.292	22.4105
5.294	22.5402
5.296	22.4316
5.298	22.2371
5.3	22.2796
5.302	21.9829
5.304	21.8681
5.306	22.1761
5.308	21.66
5.31	21.4828
5.312	21.6308
5.314	21.5006
5.316	21.4152
5.318	21.5827
5.32	21.334
5.322	21.23
5.324	20.8711
5.326	20.9158
5.328	20.6145
5.33	20.5857
5.332	20.4155
5.334	20.471
5.336	20.3577
5.338	20.5225
5.34	20.2067
5.342	19.8895
5.344	19.9133
5.346	19.8546
5.348	19.6728
5.35	19.5104
5.352	19.5161
5.354	19.5516
5.356	19.292
5.358	19.3582
5.36	19.0434
5.362	18.972
5.364	19.0679
5.366	18.8884
5.368	18.7319
5.37	18.503
5.372	18.6666
5.374	18.5871
5.376	18.3656
5.378	18.5198
5.38	18.5256
5.382	18.1997
5.384	18.0672
5.386	17.8512
5.388	17.9073
5.39	17.8345
5.392	17.7477
5.394	17.9625
5.396	17.6628
5.398	17.7786
5.4	17.7112
5.402	17.4248
5.404	17.273
5.406	17.1693
5.408	16.78
5.41	16.7541
5.412	17.0155
5.414	16.8309
5.416	16.868
5.418	16.8696
5.42	16.7623
5.422	16.5969
5.424	16.5511
5.426	16.3366
5.428	16.3243
5.43	16.1877
5.432	16.2056
5.434	16.3431
5.436	16.127
5.438	16.2414
5.44	16.1024
5.442	15.7895
5.444	15.7579
5.446	15.6678
5.448	15.5224
5.45	15.5679
5.452	15.4567
5.454	15.5774
5.456	15.4337
5.458	15.4797
5.46	15.23
5.462	15.0149
5.464	14.9322
5.466	15.0016
5.468	14.8804
5.47	14.7863
5.472	14.865
5.474	14.6112
5.476	14.6624
5.478	14.7767
5.48	14.7231
5.482	14.4176
5.484	14.3437
5.486	14.1506
5.488	14.1076
5.49	14.1649
5.492	13.9647
5.494	14.0956
5.496	14.0547
5.498	14.3217
5.5	13.8939
5.502	13.8585
5.504	14.0773
5.506	13.8383
5.508	13.5076
5.51	13.4952
5.512	13.6069
5.514	13.5529
5.516	13.2117
5.518	13.6508
5.52	13.4628
5.522	13.1957
5.524	13.1823
5.526	13.1874
5.528	12.8634
5.53	13.0268
5.532	12.9884
5.534	12.9797
5.536	12.8978
5.538	12.9012
5.54	12.8253
5.542	12.7471
5.544	12.6139
5.546	12.5185
5.548	12.3463
5.55	12.4308
5.552	12.4647
5.554	12.3933
5.556	12.4191
5.558	12.3797
5.56	12.1537
5.562	12.0805
5.564	11.916
5.566	11.8775
5.568	11.6656
5.57	11.736
5.572	11.8117
5.574	11.8847
5.576	11.92
5.578	11.8365
5.58	11.9887
5.582	11.6336
5.584	11.418
5.586	11.2295
5.588	11.416
5.59	11.286
5.592	11.3949
5.594	11.4649
5.596	11.2926
5.598	11.4788
5.6	11.3864
5.602	11.1716
5.604	11.0508
5.606	11.0842
5.608	10.7833
5.61	10.8387
5.612	10.9395
5.614	10.9791
5.616	11.006
5.618	11.0254
5.62	10.7362
5.622	10.69
5.624	10.5349
5.626	10.4975
5.628	10.4057
5.63	10.471
5.632	10.3308
5.634	10.5849
5.636	10.5789
5.638	10.3973
5.64	10.3905
5.642	10.4114
5.644	10.0437
5.646	10.1984
5.648	10.0068
5.65	9.97467
5.652	10.1667
5.654	10.0985
5.656	10.1714
5.658	10.2882
5.66	10.1827
5.662	10.0875
5.664	9.78077
5.666	9.57748
5.668	9.45789
5.67	9.57643
5.672	9.56029
5.674	9.7654
5.676	9.67779
5.678	9.68084
5.68	9.7016
5.682	9.49939
5.684	9.47261
5.686	9.35343
5.688	9.27915
5.69	9.30933
5.692	9.27085
5.694	9.38766
5.696	9.05437
5.698	9.5105
5.7	9.27798
5.702	9.15712
5.704	9.09511
5.706	9.00838
5.708	8.92744
5.71	8.96372
5.712	8.86786
5.714	9.0706
5.716	8.97646
5.718	9.03104
5.72	8.91471
5.722	8.74199
5.724	8.76019
5.726	8.66588
5.728	8.34825
5.73	8.54355
5.732	8.46917
5.734	8.78344
5.736	8.56428
5.738	8.68128
5.74	8.69869
5.742	8.48246
5.744	8.36313
5.746	8.31845
5.748	8.1656
5.75	8.1787
5.752	8.33756
5.754	8.51556
5.756	8.43901
5.758	8.38016
5.76	8.05632
5.762	7.97837
5.764	8.01515
5.766	8.05434
5.768	7.91201
5.77	7.87713
5.772	8.00828
5.774	8.24458
5.776	8.06177
5.778	8.03815
5.78	8.09387
5.782	7.93017
5.784	7.73756
5.786	7.75384
5.788	7.6281
5.79	7.5769
5.792	7.66892
5.794	7.76851
5.796	7.73433
5.798	7.85094
5.8	7.69877
5.802	7.57594
5.804	7.306
5.806	7.43759
5.808	7.22806
5.81	7.21243
5.812	7.60943
5.814	7.46646
5.816	7.45834
5.818	7.52716
5.82	7.29883
5.822	7.3944
5.824	7.10161
5.826	7.09678
5.828	7.01345
5.83	7.0143
5.832	7.17086
5.834	7.34858
5.836	7.41617
5.838	7.41271
5.84	7.28552
5.842	7.11729
5.844	6.98923
5.846	7.03494
5.848	6.87575
5.85	6.93579
5.852	7.05133
5.854	7.04577
5.856	6.99004
5.858	7.10957
5.86	7.0421
5.862	6.75839
5.864	6.8091
5.866	6.74475
5.868	6.45538
5.87	6.64161
5.872	6.57721
5.874	6.72319
5.876	6.66238
5.878	6.76619
5.88	6.74927
5.882	6.66886
5.884	6.51833
5.886	6.42785
5.888	6.33825
5.89	6.45895
5.892	6.50408
5.894	6.47562
5.896	6.45361
5.898	6.53576
5.9	6.43839
5.902	6.31741
5.904	6.22048
5.906	6.29582
5.908	5.96279
5.91	6.1663
5.912	6.22986
5.914	6.3953
5.916	6.30383
5.918	6.26797
5.92	6.30458
5.922	6.17381
5.924	5.94532
5.926	5.98481
5.928	5.88626
5.93	5.92753
5.932	6.03877
5.934	6.17121
5.936	5.9357
5.938	6.03391
5.94	6.10054
5.942	5.91933
5.944	5.72166
5.946	5.84634
5.948	5.63829
5.95	5.78786
5.952	5.90685
5.954	5.95132
5.956	5.93996
5.958	5.99472
5.96	6.08732
5.962	5.78786
5.964	5.56647
5.966	5.66517
5.968	5.58883
5.97	5.55144
5.972	5.618
5.974	5.66644
5.976	5.77969
5.978	5.81557
5.98	5.74934
5.982	5.53953
5.984	5.51828
5.986	5.28149
5.988	5.21794
5.99	5.32207
5.992	5.53676
5.994	5.6495
5.996	5.60766
5.998	5.5688
6	5.54584
6.002	5.51411
6.004	5.28342
6.006	5.42655
6.008	5.19602
6.01	5.39671
6.012	5.33839
6.014	5.4067
6.016	5.31903
6.018	5.48818
6.02	5.38194
6.022	5.24011
6.024	5.05208
6.026	5.05549
6.028	5.15529
6.03	4.97709
6.032	5.05148
6.034	5.23269
6.036	5.37821
6.038	5.38535
6.04	5.23749
6.042	4.99235
6.044	4.91292
6.046	4.91291
6.048	4.87373
6.05	4.86386
6.052	4.86428
6.054	5.0937
6.056	4.89531
6.058	5.02247
6.06	5.03947
6.062	4.82724
6.064	4.73155
6.066	4.71741
6.068	4.57402
6.07	4.75219
6.072	4.86075
6.074	4.95266
6.076	4.87426
6.078	5.11808
6.08	4.84839
6.082	4.77226
6.084	4.62118
6.086	4.45795
6.088	4.53995
6.09	4.52714
6.092	4.60428
6.094	4.88484
6.096	4.73642
6.098	4.81931
6.1	4.74988
6.102	4.64961
6.104	4.40308
6.106	4.56465
6.108	4.33711
6.11	4.48437
6.112	4.45694
6.114	4.70011
6.116	4.61491
6.118	4.72645
6.12	4.60944
6.122	4.52485
6.124	4.34207
6.126	4.3214
6.128	4.16436
6.13	4.2471
6.132	4.30383
6.134	4.50846
6.136	4.40556
6.138	4.63548
6.14	4.53506
6.142	4.24361
6.144	4.14446
6.146	4.36598
6.148	4.10969
6.15	4.20938
6.152	4.24614
6.154	4.48827
6.156	4.37225
6.158	4.34617
6.16	4.20129
6.162	4.17925
6.164	3.99214
6.166	4.1403
6.168	3.90177
6.17	3.89749
6.172	4.07688
6.174	4.1893
6.176	4.10309
6.178	4.20131
6.18	3.98835
6.182	4.1617
6.184	3.88716
6.186	3.86571
6.188	3.92177
6.19	3.92236
6.192	3.93102
6.194	3.9755
6.196	4.14301
6.198	4.06876
6.2	3.99151
6.202	3.8779
6.204	3.7598
6.206	3.84858
6.208	3.68213
6.21	3.65917
6.212	4.01451
6.214	3.9763
6.216	3.86485
6.218	3.99687
6.22	3.91884
6.222	3.68775
6.224	3.73126
6.226	3.69052
6.228	3.60612
6.23	3.66789
6.232	3.73897
6.234	3.83061
6.236	3.85359
6.238	3.94285
6.24	3.8617
6.242	3.73669
6.244	3.63952
6.246	3.71049
6.248	3.38739
6.25	3.55232
6.252	3.45271
6.254	3.65287
6.256	3.66347
6.258	3.82804
6.26	3.59304
6.262	3.54916
6.264	3.45383
6.266	3.51034
6.268	3.3697
6.27	3.38496
6.272	3.54602
6.274	3.76728
6.276	3.54749
6.278	3.75835
6.28	3.63738
6.282	3.44829
6.284	3.35913
6.286	3.27303
6.288	3.25893
6.29	3.34374
6.292	3.35239
6.294	3.55794
6.296	3.50125
6.298	3.41909
6.3	3.45763
6.302	3.3644
6.304	3.24268
6.306	3.23576
6.308	3.11557
6.31	3.19863
6.312	3.316
6.314	3.38568
6.316	3.34006
6.318	3.39328
6.32	3.46783
6.322	3.25999
6.324	3.03737
6.326	3.07551
6.328	2.9775
6.33	3.06046
6.332	3.11459
6.334	3.30357
6.336	3.15246
6.338	3.08956
6.34	3.23263
6.342	3.24773
6.344	2.95096
6.346	2.97654
6.348	2.85932
6.35	2.98155
6.352	3.01811
6.354	3.28824
6.356	3.25402
6.358	3.30449
6.36	3.27749
6.362	3.07728
6.364	2.97646
6.366	2.86117
6.368	2.86986
6.37	2.88144
6.372	3.00495
6.374	3.17918
6.376	3.09997
6.378	3.16378
6.38	3.15716
6.382	3.08739
6.384	2.84743
6.386	2.83491
6.388	2.94976
6.39	2.90169
6.392	2.93973
6.394	3.10713
6.396	3.14334
6.398	3.12757
6.4	3.03484
6.402	2.92431
6.404	2.71411
6.406	2.68124
6.408	2.69899
6.41	2.71735
6.412	2.82993
6.414	2.94802
6.416	2.86908
6.418	2.94896
6.42	2.91897
6.422	2.90986
6.424	2.68613
6.426	2.73719
6.428	2.73553
6.43	2.63066
6.432	2.90148
6.434	2.85346
6.436	2.9817
6.438	2.91062
6.44	2.94327
6.442	2.78901
6.444	2.60269
6.446	2.57747
6.448	2.50478
6.45	2.6049
6.452	2.69176
6.454	2.88007
6.456	2.81954
6.458	2.90711
6.46	2.78265
6.462	2.7477
6.464	2.63731
6.466	2.60661
6.468	2.45307
6.47	2.60981
6.472	2.59239
6.474	2.75501
6.476	2.71206
6.478	2.76918
6.48	2.69536
6.482	2.65258
6.484	2.35343
6.486	2.37775
6.488	2.44161
6.49	2.46755
6.492	2.4177
6.494	2.60558
6.496	2.43736
6.498	2.60709
6.5	2.63105
6.502	2.45626
6.504	2.40244
6.506	2.43037
6.508	2.37784
6.51	2.39142
6.512	2.43453
6.514	2.71413
6.516	2.55763
6.518	2.55616
6.52	2.68127
6.522	2.37404
6.524	2.35768
6.526	2.3736
6.528	2.26555
6.53	2.36921
6.532	2.40725
6.534	2.47259
6.536	2.55512
6.538	2.68168
6.54	2.56173
6.542	2.45175
6.544	2.1884
6.546	2.32381
6.548	2.25093
6.55	2.21644
6.552	2.36933
6.554	2.43567
6.556	2.37624
6.558	2.44869
6.56	2.30331
6.562	2.24645
6.564	2.12254
6.566	2.23904
6.568	2.19516
6.57	2.20642
6.572	2.22113
6.574	2.34981
6.576	2.42668
6.578	2.4704
6.58	2.46287
6.582	2.21547
6.584	2.11397
6.586	2.05074
6.588	2.16418
6.59	2.1142
6.592	2.21549
6.594	2.39714
6.596	2.31541
6.598	2.35422
6.6	2.31266
6.602	2.10029
6.604	2.16741
6.606	2.06473
6.608	2.09108
6.61	1.79059
6.612	2.25857
6.614	2.286
6.616	2.25027
6.618	2.27375
6.62	2.38657
6.622	2.23878
6.624	2.0668
6.626	2.04728
6.628	2.02734
6.63	2.09558
6.632	2.09837
6.634	2.19491
6.636	2.16655
6.638	2.31057
6.64	2.16975
6.642	2.11842
6.644	2.11494
6.646	2.03518
6.648	1.97147
6.65	2.04637
6.652	2.04143
6.654	2.20055
6.656	2.132
6.658	2.19908
6.66	2.17013
6.662	1.91751
6.664	2.01058
6.666	1.80588
6.668	2.00131
6.67	1.91651
6.672	2.0218
6.674	2.1178
6.676	2.06608
6.678	2.11161
6.68	2.11142
6.682	1.97166
6.684	1.81075
6.686	1.90972
6.688	1.91769
6.69	1.86511
6.692	1.94484
6.694	2.12171
6.696	2.12687
6.698	2.0863
6.7	2.16563
6.702	1.95406
6.704	1.83835
6.706	1.83039
6.708	1.73842
6.71	1.81718
6.712	1.90632
6.714	2.01348
6.716	1.91648
6.718	1.99536
6.72	1.84969
6.722	1.88546
6.724	1.69235
6.726	1.78677
6.728	1.76417
6.73	1.81886
6.732	1.80714
6.734	1.9561
6.736	1.86942
6.738	1.81975
6.74	1.96848
6.742	1.85009
6.744	1.78712
6.746	1.75663
6.748	1.7193
6.75	1.73681
6.752	1.82203
6.754	1.88046
6.756	1.89837
6.758	1.80191
6.76	1.84461
6.762	1.80136
6.764	1.74362
6.766	1.62739
6.768	1.64472
6.77	1.68099
6.772	1.66345
6.774	1.89777
6.776	1.88258
6.778	1.8617
6.78	1.89376
6.782	1.72726
6.784	1.59083
6.786	1.53854
6.788	1.70032
6.79	1.61359
6.792	1.71628
6.794	1.85413
6.796	1.77659
6.798	1.89139
6.8	1.76564
6.802	1.69524
6.804	1.64226
6.806	1.63455
6.808	1.62875
6.81	1.53304
6.812	1.66645
6.814	1.8418
6.816	1.77458
6.818	1.84157
6.82	1.79945
6.822	1.68317
6.824	1.62788
6.826	1.53432
6.828	1.621
6.83	1.6825
6.832	1.6322
6.834	1.71729
6.836	1.84051
6.838	1.77901
6.84	1.88128
6.842	1.65565
6.844	1.61505
6.846	1.55596
6.848	1.63877
6.85	1.43383
6.852	1.58014
6.854	1.80164
6.856	1.73973
6.858	1.8093
6.86	1.73748
6.862	1.64716
6.864	1.61638
6.866	1.4283
6.868	1.46738
6.87	1.44842
6.872	1.52234
6.874	1.61403
6.876	1.68838
6.878	1.6851
6.88	1.84964
6.882	1.57903
6.884	1.58568
6.886	1.36686
6.888	1.59514
6.89	1.52233
6.892	1.50918
6.894	1.69909
6.896	1.62192
6.898	1.68395
6.9	1.71096
6.902	1.54577
6.904	1.44486
6.906	1.45647
6.908	1.36292
6.91	1.42261
6.912	1.45889
6.914	1.60553
6.916	1.64141
6.918	1.69079
6.92	1.65279
6.922	1.5648
6.924	1.62167
6.926	1.41106
6.928	1.42361
6.93	1.49067
6.932	1.4892
6.934	1.64687
6.936	1.59357
6.938	1.52962
6.94	1.65443
6.942	1.47962
6.944	1.51094
6.946	1.37503
6.948	1.41194
6.95	1.36554
6.952	1.58225
6.954	1.58729
6.956	1.54005
6.958	1.64758
6.96	1.52033
6.962	1.32918
6.964	1.46567
6.966	1.37111
6.968	1.42724
6.97	1.37157
6.972	1.59478
6.974	1.53999
6.976	1.56045
6.978	1.5564
6.98	1.64928
6.982	1.40593
6.984	1.43052
6.986	1.31547
6.988	1.48627
6.99	1.3296
6.992	1.4278
6.994	1.40139
6.996	1.52277
6.998	1.64307
7	1.50002
7.002	1.50426
7.004	1.3688
7.006	1.31385
7.008	1.30923
7.01	1.16814
7.012	1.51194
7.014	1.41592
7.016	1.53241
7.018	1.592
7.02	1.44175
7.022	1.37832
7.024	1.34234
7.026	1.27904
7.028	1.29072
7.03	1.31157
7.032	1.29532
7.034	1.45974
7.036	1.54381
7.038	1.55335
7.04	1.64211
7.042	1.32769
7.044	1.34052
7.046	1.25216
7.048	1.28943
7.05	1.32592
7.052	1.38941
7.054	1.40988
7.056	1.39911
7.058	1.40781
7.06	1.46204
7.062	1.20962
7.064	1.3437
7.066	1.17026
7.068	1.22543
7.07	1.19455
7.072	1.22615
7.074	1.29569
7.076	1.42752
7.078	1.41028
7.08	1.50682
7.082	1.24413
7.084	1.35239
7.086	1.15688
7.088	1.24197
7.09	1.24714
7.092	1.24441
7.094	1.29206
7.096	1.40471
7.098	1.46374
7.1	1.36498
7.102	1.40867
7.104	1.23918
7.106	1.18024
7.108	1.23659
7.11	1.15986
7.112	1.16644
7.114	1.31166
7.116	1.34916
7.118	1.32318
7.12	1.40382
7.122	1.22343
7.124	1.21996
7.126	1.19334
7.128	1.18112
7.13	1.23141
7.132	1.25918
7.134	1.2639
7.136	1.22513
7.138	1.17766
7.14	1.26838
7.142	1.26648
7.144	1.19685
7.146	1.13542
7.148	1.15586
7.15	1.10479
7.152	1.22898
7.154	1.20316
7.156	1.27735
7.158	1.36012
7.16	1.29489
7.162	1.3244
7.164	1.20646
7.166	1.17885
7.168	1.04143
7.17	1.05082
7.172	1.24771
7.174	1.22531
7.176	1.24797
7.178	1.32735
7.18	1.28959
7.182	1.143
7.184	1.23843
7.186	0.92063
7.188	1.26216
7.19	1.05978
7.192	1.20252
7.194	1.20068
7.196	1.29814
7.198	1.34688
7.2	1.1539
7.202	1.10846
7.204	1.13444
7.206	1.14253
7.208	1.06941
7.21	1.07786
7.212	1.14097
7.214	1.16705
7.216	1.17536
7.218	1.01478
7.22	1.18865
7.222	1.01209
7.224	1.08424
7.226	0.941267
7.228	1.05116
7.23	0.982009
7.232	1.10125
7.234	1.16863
7.236	1.24821
7.238	1.22516
7.24	1.19282
7.242	1.15526
7.244	1.17131
7.246	1.10535
7.248	1.02415
7.25	1.07963
7.252	1.03619
7.254	1.1436
7.256	1.16249
7.258	1.1174
7.26	1.24525
7.262	1.12287
7.264	1.13098
7.266	0.98255
7.268	0.977576
7.27	0.985556
7.272	1.10417
7.274	1.05216
7.276	1.15786
7.278	1.11086
7.28	1.17379
7.282	0.950249
7.284	1.08152
7.286	0.87652
7.288	0.9279
7.29	0.989491
7.292	1.11504
7.294	1.03127
7.296	1.16109
7.298	1.10262
7.3	1.08733
7.302	1.06064
7.304	1.09253
7.306	0.988227
7.308	1.00264
7.31	0.98553
7.312	0.98345
7.314	1.11155
7.316	1.14749
7.318	0.973603
7.32	1.12077
7.322	1.03099
7.324	0.960892
7.326	0.979726
7.328	0.927358
7.33	0.943654
7.332	1.01099
7.334	0.977636
7.336	1.08394
7.338	1.04339
7.34	1.12465
7.342	0.949644
7.344	0.983688
7.346	0.888817
7.348	0.853975
7.35	1.05015
7.352	1.09175
7.354	1.03792
7.356	1.21739
7.358	1.1176
7.36	0.973307
7.362	0.875269
7.364	1.16904
7.366	0.987366
7.368	0.928493
7.37	0.859222
7.372	0.900639
7.374	0.975485
7.376	0.95233
7.378	1.00982
7.38	1.00361
7.382	1.01034
7.384	1.00876
7.386	0.745119
7.388	1.00061
7.39	0.984444
7.392	0.929963
7.394	0.928813
7.396	1.00012
7.398	1.11012
7.4	0.880279
7.402	0.911921
7.404	1.02278
7.406	0.836364
7.408	0.866705
7.41	0.770162
7.412	1.09022
7.414	0.939803
7.416	0.879949
7.418	1.04487
7.42	1.03372
7.422	1.01075
7.424	0.942977
7.426	0.83486
7.428	0.967251
7.43	0.893391
7.432	0.867188
7.434	0.964665
7.436	1.04621
7.438	1.01375
7.44	0.931927
7.442	0.949828
7.444	0.974997
7.446	0.874768
7.448	0.80945
7.45	0.869273
7.452	0.824971
7.454	0.842394
7.456	1.02349
7.458	0.993297
7.46	1.06446
7.462	0.796232
7.464	0.938682
7.466	0.848405
7.468	0.88542
7.47	0.955964
7.472	0.871965
7.474	0.934734
7.476	0.99097
7.478	1.07149
7.48	0.988311
7.482	0.842573
7.484	0.949673
7.486	0.830318
7.488	0.89188
7.49	0.851492
7.492	0.857621
7.494	0.852487
7.496	1.05001
7.498	0.954311
7.5	1.04066
7.502	0.854058
7.504	0.865653
7.506	0.825219
7.508	0.825905
7.51	0.882661
7.512	0.944816
7.514	0.914572
7.516	1.05295
7.518	0.87088
7.52	1.00353
7.522	0.832816
7.524	0.907712
7.526	0.865854
7.528	0.860391
7.53	0.847961
7.532	0.902614
7.534	0.872724
7.536	0.820555
7.538	0.722828
7.54	0.915644
7.542	0.90264
7.544	0.880054
7.546	0.952771
7.548	0.780486
7.55	0.783844
7.552	0.814276
7.554	0.844472
7.556	0.923777
7.558	0.951717
7.56	0.881642
7.562	0.887139
7.564	0.888747
7.566	0.80286
7.568	0.743534
7.57	0.824008
7.572	0.79227
7.574	0.971577
7.576	1.00611
7.578	0.986455
7.58	0.901789
7.582	0.916388
7.584	0.772816
7.586	0.731902
7.588	0.860034
7.59	0.835062
7.592	0.872689
7.594	0.852609
7.596	1.03573
7.598	0.940814
7.6	0.999476
7.602	0.866383
7.604	0.765742
7.606	0.752735
7.608	0.834118
7.61	0.73693
7.612	0.960467
7.614	0.990374
7.616	0.980399
7.618	0.966393
7.62	0.927207
7.622	0.872681
7.624	0.827074
7.626	0.859108
7.628	0.78082
7.63	0.855238
7.632	0.832872
7.634	0.896708
7.636	0.95952
7.638	0.910447
7.64	0.951839
7.642	0.778719
7.644	0.811374
7.646	0.811892
7.648	0.695299
7.65	0.841546
7.652	0.770533
7.654	0.950269
7.656	0.967509
7.658	0.94139
7.66	0.943032
7.662	0.839136
7.664	0.805644
7.666	0.711042
7.668	0.704551
7.67	0.804068
7.672	0.736333
7.674	0.898539
7.676	0.899625
7.678	0.836958
7.68	0.899827
7.682	0.87743
7.684	0.734348
7.686	0.594818
7.688	0.815563
7.69	0.769284
7.692	0.816374
7.694	0.911765
7.696	0.930725
7.698	0.816404
7.7	0.931886
7.702	0.707915
7.704	0.80673
7.706	0.749992
7.708	0.751866
7.71	0.768446
7.712	0.865538
7.714	0.88988
7.716	0.831657
7.718	0.952212
7.72	0.82833
7.722	0.809339
7.724	0.611636
7.726	0.725506
7.728	0.719237
7.73	0.759178
7.732	0.84239
7.734	0.841675
7.736	0.994132
7.738	0.86781
7.74	0.92219
7.742	0.811312
7.744	0.743753
7.746	0.774448
7.748	0.737902
7.75	0.844446
7.752	0.800439
7.754	0.920922
7.756	0.852408
7.758	0.899101
7.76	0.714203
7.762	0.723881
7.764	0.693953
7.766	0.673384
7.768	0.756142
7.77	0.667849
7.772	0.793187
7.774	1.0306
7.776	0.954687
7.778	0.927815
7.78	0.785253
7.782	0.900781
7.784	0.74139
7.786	0.724521
7.788	0.747022
7.79	0.800329
7.792	0.820231
7.794	0.966531
7.796	0.868449
7.798	0.950348
7.8	0.85188
7.802	0.792393
7.804	0.736477
7.806	0.737793
7.808	0.742155
7.81	0.740648
7.812	0.963613
7.814	0.973497
7.816	0.848913
7.818	0.993907
7.82	0.888658
7.822	0.802404
7.824	0.66812
7.826	0.745555
7.828	0.788608
7.83	0.83047
7.832	0.785836
7.834	0.775566
7.836	0.918509
7.838	0.913276
7.84	0.898407
7.842	0.791856
7.844	0.777864
7.846	0.629567
7.848	0.641385
7.85	0.902399
7.852	0.715859
7.854	1.04932
7.856	0.909877
7.858	0.923668
7.86	0.787708
7.862	0.752742
7.864	0.751642
7.866	0.722915
7.868	0.744156
7.87	0.795292
7.872	0.673451
7.874	0.904873
7.876	0.925081
7.878	0.898636
7.88	0.769692
7.882	0.904352
7.884	0.658602
7.886	0.650454
7.888	0.768589
7.89	0.778485
7.892	0.814669
7.894	0.912542
7.896	0.931249
7.898	0.806919
7.9	0.94868
7.902	0.795386
7.904	0.631339
7.906	0.701886
7.908	0.757945
7.91	0.781938
7.912	0.800452
7.914	1.01897
7.916	0.96645
7.918	0.932116
7.92	0.882074
7.922	0.744126
7.924	0.590286
7.926	0.722025
7.928	0.707162
7.93	0.713818
7.932	0.934525
7.934	0.935272
7.936	0.752376
7.938	0.768436
7.94	0.915578
7.942	0.861611
7.944	0.678625
7.946	0.846249
7.948	0.723433
7.95	0.817178
7.952	0.667437
7.954	1.00789
7.956	0.916963
7.958	0.902945
7.96	0.796124
7.962	0.823916
7.964	0.639722
7.966	0.689834
7.968	0.77211
7.97	0.785294
7.972	0.855932
7.974	0.934666
7.976	0.928072
7.978	0.888108
7.98	0.837346
7.982	0.812748
7.984	0.70531
7.986	0.499361
7.988	0.763246
7.99	0.779287
7.992	0.572096
7.994	0.902478
7.996	0.819884
7.998	0.847709
8	0.847697
8.002	0.662125
8.004	0.779121
8.006	0.659493
8.008	0.738277
8.01	0.749107
8.012	0.768976
8.014	0.921131
8.016	0.834673
8.018	0.918442
8.02	0.815524
8.022	0.689688
8.024	0.662161
8.026	0.696121
8.028	0.602001
8.03	0.734681
8.032	0.699121
8.034	0.843735
8.036	0.882327
8.038	0.855421
8.04	0.751321
8.042	0.714114
8.044	0.746003
8.046	0.712732
8.048	0.604817
8.05	0.776543
8.052	0.644559
8.054	0.915281
8.056	0.790106
8.058	0.834719
8.06	0.752343
8.062	0.731117
8.064	0.656
8.066	0.653054
8.068	0.584343
8.07	0.57357
8.072	0.759417
8.074	0.836363
8.076	0.695577
8.078	0.742436
8.08	0.88097
8.082	0.604633
8.084	0.658822
8.086	0.548043
8.088	0.603207
8.09	0.649239
8.092	0.690744
8.094	0.868207
8.096	0.785086
8.098	0.814818
8.1	0.823621
8.102	0.625265
8.104	0.542511
8.106	0.662333
8.108	0.52043
8.11	0.598004
8.112	0.643818
8.114	0.693753
8.116	0.703082
8.118	0.771699
8.12	0.736843
8.122	0.636998
8.124	0.653827
8.126	0.632583
8.128	0.556329
8.13	0.589419
8.132	0.599974
8.134	0.721725
8.136	0.653316
8.138	0.790693
8.14	0.642796
8.142	0.582118
8.144	0.566772
8.146	0.519348
8.148	0.495018
8.15	0.561468
8.152	0.620979
8.154	0.750346
8.156	0.602752
8.158	0.684778
8.16	0.598172
8.162	0.576286
8.164	0.63859
8.166	0.626199
8.168	0.51135
8.17	0.613104
8.172	0.557162
8.174	0.679203
8.176	0.534364
8.178	0.68663
8.18	0.660344
8.182	0.548255
8.184	0.458286
8.186	0.397072
8.188	0.489716
8.19	0.546356
8.192	0.502315
8.194	0.702846
8.196	0.52141
8.198	0.706012
8.2	0.521183
8.202	0.610208
8.204	0.509667
8.206	0.541254
8.208	0.426392
8.21	0.30614
8.212	0.702546
8.214	0.586816
8.216	0.555212
8.218	0.674402
8.22	0.599392
8.222	0.516674
8.224	0.433525
8.226	0.43292
8.228	0.415987
8.23	0.474255
8.232	0.545442
8.234	0.716324
8.236	0.62318
8.238	0.657787
8.24	0.621415
8.242	0.509648
8.244	0.514337
8.246	0.500901
8.248	0.420946
8.25	0.456756
8.252	0.472171
8.254	0.588769
8.256	0.545231
8.258	0.519392
8.26	0.549304
8.262	0.311082
8.264	0.456959
8.266	0.406387
8.268	0.200018
8.27	0.412183
8.272	0.499344
8.274	0.57055
8.276	0.507492
8.278	0.500538
8.28	0.653765
8.282	0.499555
8.284	0.328394
8.286	0.416673
8.288	0.419679
8.29	0.487814
8.292	0.371464
8.294	0.531739
8.296	0.424455
8.298	0.564275
8.3	0.522233
8.302	0.483374
8.304	0.358029
8.306	0.380165
8.308	0.331304
8.31	0.344094
8.312	0.420882
8.314	0.582144
8.316	0.572818
8.318	0.648341
8.32	0.502632
8.322	0.466052
8.324	0.338385
8.326	0.48074
8.328	0.284336
8.33	0.41465
8.332	0.384241
8.334	0.546323
8.336	0.25112
8.338	0.324743
8.34	0.444608
8.342	0.37839
8.344	0.194722
8.346	0.338863
8.348	0.263684
8.35	0.339583
8.352	0.370923
8.354	0.464633
8.356	0.413829
8.358	0.510609
8.36	0.463243
8.362	0.327129
8.364	0.291876
8.366	0.356692
8.368	0.347775
8.37	0.305116
8.372	0.4155
8.374	0.457218
8.376	0.471748
8.378	0.323777
8.38	0.538417
8.382	0.381152
8.384	0.339432
8.386	0.192125
8.388	0.377061
8.39	0.317554
8.392	0.378845
8.394	0.459285
8.396	0.368148
8.398	0.62604
8.4	0.44727
8.402	0.325786
8.404	0.271629
8.406	0.314714
8.408	0.278794
8.41	0.274044
8.412	0.31648
8.414	0.473946
8.416	0.344622
8.418	0.382959
8.42	0.39661
8.422	0.332166
8.424	0.213069
8.426	0.275026
8.428	0.303445
8.43	0.424268
8.432	0.256395
8.434	0.47035
8.436	0.406247
8.438	0.481383
8.44	0.394209
8.442	0.355071
8.444	0.29985
8.446	0.367188
8.448	0.13281
8.45	0.171831
8.452	0.343168
8.454	0.390635
8.456	0.395054
8.458	0.433187
8.46	0.452546
8.462	0.256791
8.464	0.163012
8.466	0.348194
8.468	0.112507
8.47	0.272525
8.472	0.352446
8.474	0.415293
8.476	0.301471
8.478	0.390159
8.48	0.471113
8.482	0.34573
8.484	0.255914
8.486	0.170205
8.488	0.281039
8.49	0.213792
8.492	0.302221
8.494	0.345331
8.496	0.347664
8.498	0.447353
8.5	0.343914
8.502	0.318231
8.504	0.289625
8.506	0.301425
8.508	0.308501
8.51	0.31461
8.512	0.28827
8.514	0.331462
8.516	0.436467
8.518	0.350478
8.52	0.376765
8.522	0.411578
8.524	0.229405
8.526	0.243011
8.528	0.161455
8.53	0.247894
8.532	0.232522
8.534	0.402019
8.536	0.304818
8.538	0.409357
8.54	0.368302
8.542	0.325919
8.544	0.279359
8.546	0.309506
8.548	0.242748
8.55	0.232886
8.552	0.309328
8.554	0.344612
8.556	0.371156
8.558	0.382677
8.56	0.263191
8.562	0.157089
8.564	0.264192
8.566	0.33105
8.568	8.55625e-4
8.57	0.22455
8.572	0.348719
8.574	0.407111
8.576	0.234704
8.578	0.419756
8.58	0.242461
8.582	0.383218
8.584	0.322558
8.586	0.257024
8.588	0.175925
8.59	0.273249
8.592	0.264781
8.594	0.386101
8.596	0.333687
8.598	0.416939
8.6	0.416167
8.602	0.27755
8.604	0.184906
8.606	0.10915
8.608	0.0714985
8.61	0.100514
8.612	0.330213
8.614	0.405709
8.616	0.363706
8.618	0.34325
8.62	0.356161
8.622	0.264126
8.624	0.24832
8.626	0.36148
8.628	0.218582
8.63	0.290635
8.632	0.352009
8.634	0.475042
8.636	0.35126
8.638	0.345669
8.64	0.379438
8.642	0.281137
8.644	0.20757
8.646	0.194468
8.648	0.126211
8.65	0.252288
8.652	0.304538
8.654	0.327721
8.656	0.292485
8.658	0.263731
8.66	0.36805
8.662	0.29224
8.664	0.333149
8.666	0.26694
8.668	0.0881977
8.67	0.226173
8.672	0.293039
8.674	0.2902
8.676	0.397374
8.678	0.40756
8.68	0.39779
8.682	0.225957
8.684	0.164742
8.686	0.12512
8.688	0.142519
8.69	0.171494
8.692	0.216606
8.694	0.350735
8.696	0.265349
8.698	0.240154
8.7	0.32829
8.702	0.307082
8.704	0.224207
8.706	0.189842
8.708	0.0200081
8.71	0.260581
8.712	0.255639
8.714	0.239098
8.716	0.258459
8.718	0.283544
8.72	0.242616
8.722	0.317569
8.724	0.116064
8.726	0.166933
8.728	0.0969214
8.73	0.213752
8.732	0.254396
8.734	0.298982
8.736	0.212438
8.738	0.22682
8.74	0.353394
8.742	0.337752
8.744	0.184879
8.746	0.221136
8.748	0.119055
8.75	0.113677
8.752	0.300044
8.754	0.291972
8.756	0.229577
8.758	0.272507
8.76	0.38366
8.762	0.33676
8.764	0.227246
8.766	0.00581573
8.768	0.107723
8.77	0.165879
8.772	0.200008
8.774	0.308427
8.776	0.246318
8.778	0.403668
8.78	0.306618
8.782	0.270073
8.784	0.199236
8.786	-0.052232
8.788	0.231092
8.79	0.0615526
8.792	0.223772
8.794	0.303306
8.796	0.28294
8.798	0.317522
8.8	0.31666
8.802	0.229411
8.804	0.0391925
8.806	0.184803
8.808	0.0724363
8.81	0.21191
8.812	0.186838
8.814	0.279935
8.816	0.237951
8.818	0.347062
8.82	0.261559
8.822	0.189309
8.824	0.192584
8.826	0.155204
8.828	0.129694
8.83	0.161836
8.832	0.203919
8.834	0.301894
8.836	0.37929
8.838	0.381857
8.84	0.246552
8.842	0.201486
8.844	0.064866
8.846	0.115583
8.848	-0.0463824
8.85	0.194064
8.852	0.199218
8.854	0.281159
8.856	0.234785
8.858	0.360522
8.86	0.256616
8.862	0.274578
8.864	0.151675
8.866	0.0306976
8.868	0.0719875
8.87	0.222763
8.872	0.112923
8.874	0.255622
8.876	0.285773
8.878	0.290949
8.88	0.273706
8.882	0.259469
8.884	0.0774306
8.886	-0.0205832
8.888	0.0740639
8.89	0.185261
8.892	0.231822
8.894	0.184768
8.896	0.4233
8.898	0.350302
8.9	0.367034
8.902	0.254528
8.904	0.0905907
8.906	0.149523
8.908	0.110595
8.91	0.190176
8.912	0.0803642
8.914	0.200496
8.916	0.275344
8.918	0.256171
8.92	0.184388
8.922	0.10051
8.924	0.121223
8.926	0.0607508
8.928	0.0421099
8.93	0.103265
8.932	0.186935
8.934	0.212792
8.936	0.283901
8.938	0.354318
8.94	0.245452
8.942	0.32012
8.944	0.108657
8.946	0.0957822
8.948	0.0950646
8.95	0.133773
8.952	0.18027
8.954	0.255559
8.956	0.212801
8.958	0.304571
8.96	0.0847285
8.962	0.100338
8.964	0.186008
8.966	-0.0172326
8.968	0.0811896
8.97	0.134637
8.972	0.0851142
8.974	0.245888
8.976	0.244926
8.978	0.296191
8.98	0.275995
8.982	0.143542
8.984	0.0749665
8.986	-0.0285245
8.988	0.0547479
8.99	0.155572
8.992	0.123144
8.994	0.146327
8.996	0.272792
8.998	0.187234
9	0.21925
9.002	0.198114
9.004	0.144587
9.006	0.0196048
9.008	0.0257742
9.01	-0.0865245
9.012	0.26935
9.014	0.174491
9.016	0.367212
9.018	0.253894
9.02	0.305912
9.022	0.163426
9.024	0.111739
9.026	-0.0258594
9.028	0.0129856
9.03	0.0965587
9.032	0.147823
9.034	0.262526
9.036	0.293857
9.038	0.269272
9.04	0.216843
9.042	0.259414
9.044	0.031221
9.046	0.0518976
9.048	0.0098177
9.05	0.109224
9.052	-0.0387899
9.054	0.244273
9.056	0.265378
9.058	0.250043
9.06	0.290997
9.062	-0.0358086
9.064	0.12962
9.066	-2.23488e-4
9.068	-0.05797
9.07	0.142437
9.072	0.0828039
9.074	0.208051
9.076	0.250727
9.078	0.242101
9.08	0.219092
9.082	0.256641
9.084	0.0630861
9.086	0.103779
9.088	0.0977704
9.09	0.0880063
9.092	0.068453
9.094	0.210986
9.096	0.295213
9.098	0.253713
9.1	0.196725
9.102	0.219582
9.104	0.0370521
9.106	0.0175721
9.108	-0.0808021
9.11	-0.00454418
9.112	0.114138
9.114	0.252899
9.116	0.238031
9.118	0.274616
9.12	0.268851
9.122	0.09179
9.124	0.112847
9.126	0.105823
9.128	0.00259453
9.13	0.104488
9.132	0.284404
9.134	0.23718
9.136	0.165715
9.138	0.121005
9.14	0.233772
9.142	0.150817
9.144	0.0567308
9.146	0.02386
9.148	-0.0142463
9.15	0.131468
9.152	0.152657
9.154	0.19748
9.156	0.260109
9.158	0.22672
9.16	0.286647
9.162	0.192797
9.164	0.123316
9.166	1.54719e-4
9.168	0.0119663
9.17	0.10768
9.172	0.153246
9.174	0.237856
9.176	0.272076
9.178	0.357174
9.18	0.206109
9.182	0.205857
9.184	0.037192
9.186	-0.0852184
9.188	0.105186
9.19	0.0642536
9.192	0.0490156
9.194	0.199069
9.196	0.150833
9.198	0.295587
9.2	0.183477
9.202	0.119184
9.204	0.0823429
9.206	0.0656602
9.208	-0.042315
9.21	0.122975
9.212	0.136868
9.214	0.220647
9.216	0.275526
9.218	0.203826
9.22	0.236312
9.222	0.0540939
9.224	0.09789
9.226	0.0307269
9.228	-0.0396795
9.23	-0.0194331
9.232	0.0492753
9.234	0.0843713
9.236	0.378048
9.238	0.297633
9.24	0.298167
9.242	0.163187
9.244	0.0760034
9.246	-0.021679
9.248	0.00480296
9.25	0.171222
9.252	0.0828129
9.254	0.114367
9.256	0.204637
9.258	0.278147
9.26	0.191719
9.262	0.0751484
9.264	0.155383
9.266	-0.00407612
9.268	0.0131293
9.27	0.13935
9.272	0.139887
9.274	0.196519
9.276	0.219528
9.278	0.244146
9.28	0.225768
9.282	0.193663
9.284	0.0453634
9.286	-0.126685
9.288	1.74195e-5
9.29	0.107254
9.292	0.123168
9.294	0.155158
9.296	0.273564
9.298	0.264134
9.3	0.241422
9.302	0.0631624
9.304	0.185285
9.306	0.00329756
9.308	-0.00555946
9.31	0.0363788
9.312	0.115357
9.314	0.10167
9.316	0.213216
9.318	0.341895
9.32	0.15699
9.322	0.197601
9.324	0.059276
9.326	0.0178661
9.328	0.0169895
9.33	0.0431237
9.332	0.126464
9.334	0.136283
9.336	0.162618
9.338	0.240851
9.34	0.161635
9.342	0.15617
9.344	0.0541319
9.346	-0.0600192
9.348	-0.0569936
9.35	0.1075
9.352	0.0877963
9.354	0.151637
9.356	0.253693
9.358	0.2623
9.36	0.0754671
9.362	-0.0561686
9.364	0.0915405
9.366	-0.00355871
9.368	0.0409168
9.37	0.0375205
9.372	0.0825332
9.374	0.210635
9.376	0.159656
9.378	0.196537
9.38	0.155002
9.382	0.0865847
9.384	0.0537861
9.386	-0.20121
9.388	-0.0145013
9.39	0.0908218
9.392	0.0505639
9.394	0.201291
9.396	0.265541
9.398	0.29472
9.4	0.249028
9.402	0.126975
9.404	0.12532
9.406	-0.0998358
9.408	-0.0338682
9.41	-0.175367
9.412	0.152155
9.414	0.169309
9.416	0.244052
9.418	0.160212
9.42	0.0670908
9.422	0.117236
9.424	0.0270728
9.426	-0.0435791
9.428	-0.0362406
9.43	0.15767
9.432	-0.00115591
9.434	0.187195
9.436	0.340167
9.438	0.240959
9.44	0.244867
9.442	0.113292
9.444	0.116494
9.446	0.029149
9.448	-0.0675495
9.45	0.141564
9.452	0.121366
9.454	0.0974742
9.456	0.215997
9.458	0.175972
9.46	0.109388
9.462	0.0397203
9.464	0.156459
9.466	0.0297059
9.468	-0.057574
9.47	0.0848698
9.472	0.0428317
9.474	0.235059
9.476	0.20642
9.478	0.331264
9.48	0.154283
9.482	0.193866
9.484	0.0456454
9.486	-0.0233858
9.488	0.0308927
9.49	0.0302732
9.492	0.022197
9.494	0.147073
9.496	0.281167
9.498	0.286137
9.5	0.139345
9.502	0.0895435
9.504	0.0843545
9.506	-0.0968988
9.508	-0.0314946
9.51	0.0306975
9.512	0.11593
9.514	0.304099
9.516	0.380404
9.518	0.213079
9.52	0.135282
9.522	0.139528
9.524	0.103725
9.526	-0.0655533
9.528	0.0505689
9.53	0.108799
9.532	0.133786
9.534	0.137856
9.536	0.150286
9.538	0.17274
9.54	0.153981
9.542	0.154854
9.544	0.092989
9.546	-0.0434814
9.548	0.0361534
9.55	0.00106882
9.552	0.10548
9.554	0.188349
9.556	0.25988
9.558	0.280196
9.56	0.204664
9.562	0.209463
9.564	0.116319
9.566	-0.102221
9.568	-0.00153358
9.57	0.0728239
9.572	0.0491952
9.574	0.240962
9.576	0.131048
9.578	0.22135
9.58	0.213083
9.582	0.107278
9.584	0.016287
9.586	-0.225075
9.588	0.0887519
9.59	0.093219
9.592	0.157068
9.594	0.181711
9.596	0.281169
9.598	0.217837
9.6	0.128967
9.602	0.00506017
9.604	0.0170109
9.606	-0.084779
9.608	-0.166062
9.61	0.0172196
9.612	0.0968316
9.614	0.114443
9.616	0.276606
9.618	0.119321
9.62	0.113819
9.622	0.130973
9.624	0.0601451
9.626	-0.0627855
9.628	0.0453869
9.63	0.0951786
9.632	0.128531
9.634	0.169539
9.636	0.360696
9.638	0.230787
9.64	0.159853
9.642	0.0346795
9.644	0.206314
9.646	-0.0789599
9.648	-0.0898939
9.65	0.0650799
9.652	0.0865913
9.654	0.177785
9.656	0.187935
9.658	0.236648
9.66	0.19733
9.662	0.0776008
9.664	0.140278
9.666	-0.0897183
9.668	-0.0361878
9.67	0.12619
9.672	0.195232
9.674	0.116974
9.676	0.389653
9.678	0.239139
9.68	0.272366
9.682	0.0714581
9.684	0.122557
9.686	-0.238712
9.688	-0.053876
9.69	0.104041
9.692	0.0660091
9.694	0.0869196
9.696	0.185072
9.698	0.241217
9.7	0.134956
9.702	0.140612
9.704	0.0850792
9.706	-0.0518155
9.708	0.00358847
9.71	0.0846023
9.712	0.0600146
9.714	0.225608
9.716	0.305774
9.718	0.354703
9.72	0.144879
9.722	0.115074
9.724	0.0252094
9.726	-0.140919
9.728	-0.0895942
9.73	0.0647538
9.732	0.080883
9.734	0.281576
9.736	0.240806
9.738	0.33247
9.74	0.192157
9.742	0.134299
9.744	0.0503648
9.746	-0.108448
9.748	-0.0151742
9.75	0.0138695
9.752	0.0276844
9.754	0.20823
9.756	0.279475
9.758	0.237139
9.76	0.0313649
9.762	-0.100546
9.764	0.0493819
9.766	-0.144266
9.768	-0.010849
9.77	0.0688425
9.772	0.0763408
9.774	0.0214033
9.776	0.367382
9.778	0.213031
9.78	0.303065
9.782	0.0531152
9.784	0.140937
9.786	-0.233892
9.788	-0.0226842
9.79	0.0243179
9.792	0.112212
9.794	0.165973
9.796	0.30675
9.798	0.340399
9.8	0.119252
9.802	0.0802181
9.804	-0.0128166
9.806	-0.135632
9.808	-0.123291
9.81	-0.12564
9.812	0.131467
9.814	0.114066
9.816	0.237935
9.818	0.150067
9.82	0.171774
9.822	0.0182105
9.824	-0.0118323
9.826	-0.153967
9.828	-0.144206
9.83	0.0266906
9.832	0.11384
9.834	0.120053
9.836	0.271441
9.838	0.170226
9.84	0.0554659
9.842	0.00643347
9.844	-0.0586081
9.846	-0.119602
9.848	-0.0910777
9.85	0.0108945
9.852	0.106391
9.854	0.114686
9.856	0.325323
9.858	0.211503
9.86	0.125703
9.862	-0.0235432
9.864	0.00782277
9.866	-0.0940256
9.868	-0.0836292
9.87	0.0703512
9.872	0.205851
9.874	0.108516
9.876	0.253347
9.878	0.213018
9.88	0.108615
9.882	0.0599486
9.884	-0.00286917
9.886	-0.105598
9.888	-0.00552061
9.89	-0.0307249
9.892	0.0540393
9.894	0.238841
9.896	0.313612
9.898	0.198325
9.9	0.108444
9.902	0.10307
9.904	-0.0941453
9.906	-0.125837
9.908	-0.129283
9.91	-0.0440041
9.912	0.16722
9.914	0.24403
9.916	0.306471
9.918	0.142645
9.92	0.0144789
9.922	-0.00395213
9.924	0.0126119
9.926	-0.256256
9.928	-0.0363861
9.93	-0.0445702
9.932	0.101576
9.934	0.198567
9.936	0.0806133
9.938	0.0819639
9.94	0.189069
9.942	0.00742803
9.944	-0.024064
9.946	-0.166498
9.948	-0.0948251
9.95	0.00843952
9.952	0.017765
9.954	0.0661358
9.956	0.150794
9.958	0.173596
9.96	0.104358
9.962	0.0519015
9.964	-0.0839949
9.966	-0.196713
9.968	-0.201678
9.97	-0.0279681
9.972	0.0388397
9.974	0.110166
9.976	0.31112
9.978	0.223406
9.98	0.159012
9.982	-0.0619016
9.984	0.00735083
9.986	-0.343152
9.988	-0.0775125
9.99	0.00699618
9.992	0.0580844
9.994	0.122747
9.996	0.200324
9.998	0.0964281
10	0.0123439
10.002	0.0122177
10.004	-0.0699886
10.006	-0.177606
10.008	-0.114914
10.01	-0.00525864
10.012	0.161316
10.014	0.120296
10.016	0.193395
10.018	0.124231
10.02	0.127226
10.022	0.00430613
10.024	-0.0269676
10.026	-0.0525162
10.028	-0.048519
10.03	0.029661
10.032	0.0223349
10.034	0.165465
10.036	0.399717
10.038	0.115949
10.04	0.0653691
10.042	-0.0463683
10.044	-0.0938007
10.046	-0.240219
10.048	-0.153753
10.05	-0.101183
10.052	0.0369707
10.054	0.0455579
10.056	0.274626
10.058	0.233274
10.06	0.118623
10.062	0.0102118
10.064	-0.00767529
10.066	-0.248896
10.068	-0.207896
10.07	-0.0132491
10.072	0.100831
10.074	-0.00175935
10.076	0.188537
10.078	0.110466
10.08	0.0990166
10.082	-0.074884
10.084	-0.11752
10.086	-0.324841
10.088	-0.188808
10.09	0.0121056
10.092	0.0800141
10.094	0.0230359
10.096	0.230119
10.098	0.170037
10.1	-0.00116064
10.102	0.0151929
10.104	-0.00680783
10.106	-0.147351
10.108	-0.224348
10.11	-0.00415035
10.112	0.100296
10.114	0.0217817
10.116	0.119296
10.118	0.162749
10.12	0.0425449
10.122	-0.049433
10.124	-0.10619
10.126	-0.144653
10.128	-0.154604
10.13	-0.0339072
10.132	0.0985826
10.134	0.178259
10.136	0.188458
10.138	0.139971
10.14	-0.0565658
10.142	-0.0509613
10.144	0.0310753
10.146	-0.202195
10.148	-0.141048
10.15	-0.0393169
10.152	0.0935828
10.154	0.0467417
10.156	0.26927
10.158	0.142226
10.16	-0.0334251
10.162	-0.234396
10.164	0.001334
10.166	-0.221032
10.168	-0.0791176
10.17	0.0461028
10.172	0.059655
10.174	0.136742
10.176	0.206538
10.178	0.215261
10.18	0.14415
10.182	-0.0332803
10.184	-0.0285563
10.186	-0.168541
10.188	-0.13861
10.19	-0.0249409
10.192	0.0214112
10.194	0.0108909
10.196	0.172933
10.198	0.0800638
10.2	0.036691
10.202	-0.0500192
10.204	-0.0644441
10.206	-0.159672
10.208	-0.18121
10.21	-0.143871
10.212	0.187163
10.214	0.165795
10.216	0.185731
10.218	0.19864
10.22	0.217205
10.222	-0.116898
10.224	-0.133146
10.226	-0.0865069
10.228	-0.230738
10.23	-0.0109959
10.232	0.0617596
10.234	0.149017
10.236	0.233721
10.238	0.125097
10.24	0.11811
10.242	-0.0530551
10.244	-0.154294
10.246	-0.0882695
10.248	-0.185231
10.25	0.0082886
10.252	0.131277
10.254	0.138763
10.256	0.206225
10.258	0.167449
10.26	-0.0178867
10.262	-0.164107
10.264	-0.0595061
10.266	-0.144327
10.268	-0.17316
10.27	-0.0270793
10.272	-0.0190749
10.274	0.13026
10.276	0.120756
10.278	0.126038
10.28	0.040999
10.282	-0.085401
10.284	-0.20199
10.286	-0.130355
10.288	-0.109611
10.29	-0.0450727
10.292	0.104972
10.294	0.0718355
10.296	0.247194
10.298	0.16415
10.3	0.0857942
10.302	-0.101178
10.304	-0.0611175
10.306	-0.19917
10.308	-0.184597
10.31	-0.0487101
10.312	0.0255013
10.314	0.130271
10.316	0.169498
10.318	0.11446
10.32	0.0948334
10.322	-0.047326
10.324	-0.0640621
10.326	-0.146887
10.328	-0.154987
10.33	-0.0377155
10.332	0.0239918
10.334	0.13268
10.336	0.0817963
10.338	0.0890982
10.34	0.0602907
10.342	-0.0451585
10.344	-0.132822
10.346	-0.132936
10.348	-0.214875
10.35	-6.50324e-4
10.352	-0.0225384
10.354	0.134069
10.356	0.145658
10.358	0.180858
10.36	0.130062
10.362	0.0452215
10.364	-0.126066
10.366	-0.0902883
10.368	-0.128121
10.37	0.0358436
10.372	-0.0111547
10.374	0.136319
10.376	0.118892
10.378	0.134985
10.38	-0.0559439
10.382	-0.10551
10.384	-0.106359
10.386	-0.252927
10.388	-0.0451897
10.39	-0.0478211
10.392	0.0959804
10.394	-0.0122784
10.396	0.163065
10.398	0.071355
10.4	0.0570584
10.402	-0.195412
10.404	-0.103699
10.406	-0.111233
10.408	-0.213981
10.41	0.0607449
10.412	0.0441304
10.414	0.060586
10.416	0.0912163
10.418	0.0322263
10.42	0.0697901
10.422	-0.0732069
10.424	-0.170757
10.426	-0.171448
10.428	-0.170146
10.43	-0.104609
10.432	0.0842546
10.434	0.0303162
10.436	0.263899
10.438	0.0444537
10.44	0.082248
10.442	-0.0606848
10.444	-0.0697019
10.446	-0.106437
10.448	-0.154357
10.45	-0.0528731
10.452	0.0891395
10.454	0.0562624
10.456	0.0677888
10.458	0.0888675
10.46	0.0155301
10.462	-0.128558
10.464	-0.0489399
10.466	-0.218406
10.468	-0.142308
10.47	-0.164408
10.472	-0.0254625
10.474	0.149421
10.476	0.142745
10.478	0.152999
10.48	0.00677981
10.482	0.0231045
10.484	-0.126001
10.486	-0.260337
10.488	-0.170138
10.49	-0.00992568
10.492	0.0603354
10.494	0.0719149
10.496	0.107477
10.498	0.177991
10.5	0.0638913
10.502	-0.0659454
10.504	-0.0475792
10.506	-0.0127211
10.508	-0.252188
10.51	-0.0309307
10.512	0.00736084
10.514	0.0887387
10.516	0.0725597
10.518	0.135216
10.52	0.0430647
10.522	0.0126739
10.524	0.0198398
10.526	-0.135921
10.528	-0.0623251
10.53	-0.0690806
10.532	0.195343
10.534	0.0698154
10.536	0.134735
10.538	0.148347
10.54	0.0955554
10.542	-0.00545187
10.544	-0.0604406
10.546	-0.226075
10.548	-0.187179
10.55	0.0512493
10.552	0.0532203
10.554	0.130238
10.556	0.170522
10.558	0.146712
10.56	0.0653075
10.562	-0.220576
10.564	-0.00465167
10.566	-0.0253851
10.568	-0.200512
10.57	0.108693
10.572	-0.0176638
10.574	0.0982483
10.576	0.132108
10.578	0.09781
10.58	-0.0732927
10.582	-0.0383562
10.584	-0.0909705
10.586	-0.0856576
10.588	-0.131779
10.59	0.0858619
10.592	0.11299
10.594	0.113427
10.596	0.0787016
10.598	0.0714654
10.6	0.129114
10.602	-0.0359637
10.604	-0.0814213
10.606	-0.0268981
10.608	-0.180796
10.61	-0.241884
10.612	0.0573444
10.614	0.0312799
10.616	0.0758419
10.618	0.20779
10.62	0.0553676
10.622	-0.06425
10.624	-0.121331
10.626	-0.082589
10.628	-0.0980877
10.63	0.00188411
10.632	0.0898939
10.634	0.10736
10.636	0.136954
10.638	0.134303
10.64	0.0800978
10.642	-0.0689575
10.644	-0.093907
10.646	-0.0623865
10.648	-0.20101
10.65	0.00904022
10.652	-0.0685078
10.654	0.210076
10.656	0.0869782
10.658	0.131924
10.66	0.0296163
10.662	-0.0961976
10.664	-0.0888263
10.666	-0.140877
10.668	-0.167735
10.67	-0.0802431
10.672	0.087116
10.674	0.0730962
10.676	0.119689
10.678	0.234058
10.68	-0.00197627
10.682	0.0124827
10.684	-0.0437601
10.686	-0.0506954
10.688	-0.137056
10.69	-0.0529631
10.692	-0.0026084
10.694	0.0951998
10.696	-0.018323
10.698	0.114995
10.7	0.102066
10.702	-0.0846637
10.704	-0.0211079
10.706	-0.0818448
10.708	-0.155806
10.71	-0.0855384
10.712	0.0598147
10.714	0.0876163
10.716	0.159241
10.718	0.274492
10.72	0.0158903
10.722	-0.00437664
10.724	-0.00557063
10.726	-0.0306064
10.728	-0.251385
10.73	-0.0353986
10.732	0.0206569
10.734	0.0731121
10.736	-0.137872
10.738	-0.0394914
10.74	0.058304
10.742	-0.0758856
10.744	-0.0879875
10.746	0.0504758
10.748	-0.229572
10.75	0.0171211
10.752	-0.0365037
10.754	0.11141
10.756	-0.0633735
10.758	0.12076
10.76	0.101536
10.762	0.0754435
10.764	-0.137743
10.766	-0.0134185
10.768	-0.27384
10.77	-0.0822279
10.772	-0.0476745
10.774	0.170856
10.776	0.0396556
10.778	0.108453
10.78	0.0964157
10.782	-0.135752
10.784	-0.0566633
10.786	-0.158826
10.788	-0.0993514
10.79	-0.0323701
10.792	0.0434658
10.794	0.0970168
10.796	0.0662505
10.798	0.146635
10.8	0.0886166
10.802	0.0359604
10.804	-0.172957
10.806	-0.0772534
10.808	-0.192914
10.81	-0.12122
10.812	0.0918659
10.814	0.0917755
10.816	0.0298876
10.818	0.146413
10.82	0.0510119
10.822	-0.023505
10.824	0.0422331
10.826	-0.0022485
10.828	-0.132075
10.83	-0.121428
10.832	0.0294264
10.834	-0.0166907
10.836	0.178714
10.838	0.222722
10.84	0.125445
10.842	-0.0757387
10.844	-0.0787505
10.846	-0.0183028
10.848	-0.159423
10.85	0.0313193
10.852	-0.0574308
10.854	0.144154
10.856	0.0434039
10.858	0.186656
10.86	0.00900954
10.862	0.002002
10.864	0.0503478
10.866	0.0743472
10.868	-0.291572
10.87	-0.0293035
10.872	-0.0164979
10.874	0.0719713
10.876	0.019843
10.878	0.20863
10.88	0.0691768
10.882	0.0282873
10.884	-0.0703023
10.886	-0.128943
10.888	-0.116573
10.89	0.084287
10.892	-0.0535959
10.894	0.0808019
10.896	-0.012784
10.898	0.189089
10.9	-0.0602276
10.902	0.0779403
10.904	0.0877954
10.906	-0.0137519
10.908	-0.176117
10.91	-0.00833456
10.912	-0.00383759
10.914	0.0782632
10.916	0.027362
10.918	0.126716
10.92	0.102543
10.922	-0.058011
10.924	0.00304449
10.926	-0.0312281
10.928	-0.19084
10.93	-0.0819795
10.932	-0.0752432
10.934	0.0658311
10.936	0.0912456
10.938	0.152497
10.94	0.115244
10.942	-0.0211795
10.944	-0.0789985
10.946	0.028396
10.948	-0.188425
10.95	0.0589002
10.952	-0.0870604
10.954	0.0919831
10.956	0.0615917
10.958	0.0782893
10.96	-0.0259636
10.962	-0.113882
10.964	-0.103572
10.966	0.0332965
10.968	-0.273341
10.97	-0.0802766
10.972	0.0787842
10.974	0.0362703
10.976	0.0292239
10.978	0.148606
10.98	0.0951709
10.982	0.0324207
10.984	-0.0719091
10.986	-0.0942093
10.988	-0.210072
10.99	-8.3917e-4
10.992	-0.113101
10.994	0.0990637
10.996	-0.0253136
10.998	0.112084
11	0.00818851
11.002	-0.0213948
11.004	-0.0404214
11.006	-0.105704
11.008	-0.189221
11.01	-0.20043
11.012	0.0266778
11.014	0.0215464
11.016	0.0137949
11.018	0.176135
11.02	0.0689125
11.022	0.0949398
11.024	-0.14546
11.026	0.00801054
11.028	-0.179519
11.03	0.00492296
11.032	-0.0550775
11.034	0.0957518
11.036	0.0326316
11.038	0.126559
11.04	-0.0192708
11.042	0.00738048
11.044	-0.030708
11.046	-0.113245
11.048	-0.17769
11.05	-0.101868
11.052	-0.0176971
11.054	0.0525485
11.056	0.0240051
11.058	0.2065
11.06	0.0114871
11.062	-0.1577
11.064	-0.0900153
11.066	0.0513866
11.068	-0.137519
11.07	-0.153032
11.072	0.0347346
11.074	-0.0303623
11.076	0.00971536
11.078	0.0850546
11.08	0.122584
11.082	-0.00610544
11.084	-0.00589065
11.086	-0.089033
11.088	-0.139555
11.09	-0.0235706
11.092	-0.0127411
11.094	0.0276874
11.096	0.00345467
11.098	0.272512
11.1	0.0727985
11.102	0.0417358
11.104	-0.029485
11.106	-0.00873823
11.108	-0.132229
11.11	-0.0654104
11.112	-0.104419
11.114	0.0785747
11.116	-4.48979e-4
11.118	0.134033
11.12	0.0271659
11.122	0.0336998
11.124	-0.201055
11.126	0.0397011
11.128	-0.0547125
11.13	0.0504079
11.132	-0.128079
11.134	0.098117
11.136	-0.0681306
11.138	0.112368
11.14	0.0450431
11.142	0.0814595
11.144	-0.0218195
11.146	0.0190448
11.148	-0.0874572
11.15	-0.0943489
11.152	-0.0974617
11.154	-0.00137113
11.156	-0.0607161
11.158	0.118912
11.16	0.0763181
11.162	0.0529458
11.164	-0.15151
11.166	-0.0698975
11.168	-0.265001
11.17	-0.0425763
11.172	-0.0693983
11.174	0.057747
11.176	-0.0264279
11.178	1.06465
11.18	-2.76721
11.182	-1.14731
11.184	-1.0525
11.186	-1.0812
11.188	-0.858665
11.19	-0.912043
11.192	-0.938212
11.194	-0.846428
11.196	-0.860611
11.198	-0.641226
11.2	-0.77303
11.202	-0.708341
11.204	-0.880202
11.206	-0.810782
11.208	-0.894152
11.21	-0.756378
11.212	-0.743965
11.214	-0.64526
11.216	-0.64781
11.218	-0.67197
11.22	-0.55332
11.222	-0.59276
11.224	-0.776006
11.226	-0.746369
11.228	-0.86246
11.23	-0.703709
11.232	-0.810929
11.234	-0.666391
11.236	-0.537086
11.238	-0.539218
11.24	-0.610408
11.242	-0.622885
11.244	-0.717421
11.246	-0.743798
11.248	-0.798743
11.25	-0.696928
11.252	-0.720009
11.254	-0.727831
11.256	-0.569978
11.258	-0.507405
11.26	-0.616904
11.262	-0.558763
11.264	-0.639754
11.266	-0.603831
11.268	-0.835122
11.27	-0.778709
11.272	-0.667216
11.274	-0.596541
11.276	-0.696084
11.278	-0.641316
11.28	-0.68428
11.282	-0.587348
11.284	-0.621258
11.286	-0.788565
11.288	-0.707005
11.29	-0.635691
11.292	-0.732883
11.294	-0.597643
11.296	-0.666744
11.298	-0.576895
11.3	-0.671789
11.302	-0.562408
11.304	-0.748065
11.306	-0.776618
11.308	-0.712806
11.31	-0.747188
11.312	-0.805981
11.314	-0.688487
11.316	-0.665484
11.318	-0.606466
11.32	-0.647532
11.322	-0.586688
11.324	-0.653174
11.326	-0.720681
11.328	-0.726102
11.33	-0.640138
11.332	-0.721762
11.334	-0.460979
11.336	-0.55064
11.338	-0.415035
11.34	-0.519937
11.342	-0.497929
11.344	-0.678797
11.346	-0.663596
11.348	-0.703264
11.35	-0.597713
11.352	-0.695197
11.354	-0.560547
11.356	-0.568407
11.358	-0.526974
11.36	-0.610976
11.362	-0.550066
11.364	-0.573337
11.366	-0.570798
11.368	-0.704487
11.37	-0.605957
11.372	-0.574629
11.374	-0.5349
11.376	-0.448965
11.378	-0.523562
11.38	-0.45611
11.382	-0.434533
11.384	-0.55816
11.386	-0.635895
11.388	-0.710781
11.39	-0.650688
11.392	-0.70875
11.394	-0.581128
11.396	-0.591431
11.398	-0.625545
